22.422 12.996 3.822 12.246 12.597 1.794 8.19 0.0 10.179 9.0738 0.0 3.783 6.24 0.0 5.3304 3.588 1.3524 4.173 0.0 
3.6239 2.1651 0.6175 1.94025 1.9695 0.32175 1.31625 0.0 1.64125 1.4773 0.0 0.63375 1.00425 0.0 0.82955 0.61425 0.2401 0.6825 0.0 
3.6198 2.1432 0.6175 1.94675 1.66725 0.65 1.32925 0.0 1.25775 1.51155 0.0 0.312 0.988 0.0 0.7855 0.64025 0.24745 0.6825 0.0 
3.3397 2.3973 0.6175 1.29025 1.69325 0.9425 0.65325 0.0 1.68675 1.4594 0.0 0.0 0.936 0.0 0.8597 0.66625 0.2254 0.6825 0.0 
2.8089 2.683 0.88455 1.28375 0.99125 0.9425 0.6435 0.0 1.32275 1.14905 0.32825 0.0 0.923 0.0 0.4802 0.689 0.2352 0.0 0.0 
2.5302 2.4198 0.8772 1.27075 1.261 0.94575 0.60775 0.0 0.7215 1.60475 0.338 0.0 0.9165 0.0 0.2548 0.3835 0.0 0.0 0.0 
1.89325 1.7535 0.8772 0.96525 1.5925 0.93925 0.9685 0.0 0.3835 1.62925 0.338 0.31525 0.91975 0.0 0.23765 0.3835 0.0 0.0 0.0 
1.6016 1.40805 0.89435 0.6695 1.30975 0.6435 0.63375 0.0 0.37375 1.17355 0.31525 0.299 0.30875 0.0 0.46305 0.689 0.2303 0.0 0.0 
1.2871 1.1352 0.2597 0.6825 1.0205 0.6435 0.6175 0.0 0.38025 0.94815 0.637 0.27625 0.30225 0.0 0.44835 0.6955 0.22785 0.24255 0.0 
1.2961 1.1148 0.26705 0.6825 1.0205 0.6565 0.6175 0.0 0.36725 0.9506 0.63375 0.2795 0.3185 0.0 0.43365 0.663 0.24255 0.23765 0.0 
1.30335 1.1441 0.27195 0.676 0.98475 0.6305 0.62725 0.0 0.38025 0.92855 0.624 0.30225 0.3055 0.0 0.46305 0.69225 0.2303 0.2401 0.0 
1.2716 1.1393 0.26215 0.66625 1.0075 0.6305 0.63375 0.0 0.38025 0.92855 0.637 0.3055 0.30225 0.0 0.4606 0.689 0.2352 0.23765 0.0 
1.3018 1.11805 0.26215 0.689 1.0075 0.6435 0.611 0.0 0.36725 0.94325 0.63375 0.28275 0.31525 0.0 0.45325 0.68575 0.2254 0.2401 0.0 
1.27735 1.11565 0.2695 0.69225 1.03025 0.63375 0.60775 0.0 0.38675 0.96285 0.637 0.26975 0.29575 0.0 0.42875 0.68575 0.2401 0.23275 0.0 
1.305 1.1384 0.26215 0.65975 0.97175 0.64025 0.64025 0.0 0.38025 0.9261 0.6305 0.30225 0.30225 0.0 0.46305 0.6955 0.2303 0.2401 0.0 
1.3042 1.13515 0.26215 0.6565 0.97825 0.64675 0.6435 0.0 0.36725 0.92365 0.637 0.312 0.31525 0.0 0.47285 0.6825 0.22785 0.23765 0.0 
1.28875 1.11235 0.2744 0.68575 1.02375 0.65 0.6175 0.0 0.36725 0.94815 0.624 0.28275 0.31525 0.0 0.4508 0.68575 0.22785 0.2352 0.0 
1.27245 1.123 0.26705 0.702 1.04 0.624 0.598 0.0 0.3835 0.9555 0.63375 0.273 0.299 0.0 0.43365 0.68575 0.2401 0.2352 0.0 
1.292 1.12785 0.2646 0.67925 1.00425 0.637 0.62075 0.0 0.37375 0.931 0.6305 0.2925 0.30875 0.0 0.45325 0.6825 0.23275 0.24255 0.0 
1.30985 1.16285 0.25725 0.64025 0.94575 0.63375 0.65975 0.0 0.38675 0.9114 0.64025 0.32175 0.29575 0.0 0.4704 0.689 0.23765 0.245 0.0 
1.28635 1.09525 0.2744 0.68575 1.01725 0.64025 0.61425 0.0 0.377 0.9555 0.63375 0.28275 0.30875 0.0 0.45325 0.6955 0.22785 0.22785 0.0 
1.28385 1.1344 0.25725 0.689 1.03025 0.6435 0.611 0.0 0.38025 0.9604 0.65 0.26975 0.30225 0.0 0.441 0.6955 0.22785 0.23275 0.0 
1.31155 1.11555 0.2744 0.676 1.001 0.65975 0.624 0.0 0.36075 0.9261 0.598 0.286 0.32175 0.0 0.43855 0.6565 0.24255 0.2548 0.0 
1.29275 1.14575 0.26705 0.65975 0.97825 0.6305 0.64025 0.0 0.37375 0.92365 0.63375 0.3185 0.30875 0.0 0.47285 0.6825 0.23275 0.2352 0.0 
1.2708 1.1385 0.26215 0.69225 1.027 0.62075 0.611 0.0 0.39 0.9555 0.65 0.28275 0.29575 0.0 0.4557 0.71175 0.2254 0.22785 0.0 
1.29935 1.12785 0.2548 0.67275 0.99775 0.6435 0.62725 0.0 0.377 0.9359 0.637 0.28925 0.3055 0.0 0.4557 0.69225 0.22785 0.245 0.0 
1.2985 1.1221 0.2744 0.676 1.00425 0.64675 0.624 0.0 0.377 0.94325 0.6175 0.28275 0.3055 0.0 0.4312 0.66625 0.24745 0.24255 0.0 
1.2879 1.1409 0.2597 0.65325 0.9815 0.63375 0.6435 0.0 0.38675 0.92365 0.637 0.3055 0.299 0.0 0.4704 0.702 0.22785 0.2401 0.0 
1.301 1.10745 0.2695 0.6695 0.99775 0.65325 0.63375 0.0 0.364 0.93835 0.63375 0.299 0.3185 0.0 0.4606 0.676 0.2303 0.2352 0.0 
1.2871 1.12295 0.2695 0.69225 1.02375 0.64025 0.60775 0.0 0.37375 0.9408 0.6175 0.27625 0.30875 0.0 0.44345 0.68575 0.2303 0.24255 0.0 
1.2716 1.1442 0.2597 0.6955 1.03025 0.624 0.60775 0.0 0.3835 0.94815 0.6435 0.28275 0.30225 0.0 0.4361 0.67925 0.245 0.2352 0.0 
1.31315 1.1392 0.2646 0.66625 0.97825 0.64675 0.637 0.0 0.3705 0.9261 0.62725 0.30225 0.31525 0.0 0.4655 0.68575 0.22785 0.2401 0.0 
1.2765 1.12705 0.26215 0.65 0.988 0.63375 0.64675 0.0 0.38675 0.92855 0.63375 0.3055 0.2925 0.0 0.4606 0.69225 0.2352 0.23765 0.0 
1.28875 1.12215 0.26705 0.689 1.01075 0.6305 0.60775 0.0 0.3835 0.9457 0.62725 0.2795 0.30225 0.0 0.4508 0.702 0.2254 0.2401 0.0 
1.2896 1.11565 0.2597 0.69225 1.0335 0.65325 0.60775 0.0 0.3705 0.9604 0.6435 0.26975 0.31525 0.0 0.4263 0.66625 0.24255 0.2352 0.0 
1.2993 1.12535 0.27685 0.6695 0.99775 0.64675 0.6305 0.0 0.3705 0.931 0.61425 0.299 0.31525 0.0 0.45815 0.67925 0.23275 0.24255 0.0 
1.2895 1.1425 0.2646 0.663 0.97175 0.62075 0.637 0.0 0.3835 0.9212 0.63375 0.312 0.299 0.0 0.47285 0.69875 0.22785 0.23765 0.0 
1.2863 1.1246 0.2646 0.689 1.0205 0.637 0.611 0.0 0.37375 0.94815 0.637 0.28275 0.30875 0.0 0.45325 0.6955 0.2254 0.23765 0.0 
1.2806 1.1287 0.2597 0.68575 1.02375 0.637 0.61425 0.0 0.38675 0.95795 0.64675 0.273 0.29575 0.0 0.43365 0.689 0.2401 0.2352 0.0 
1.29855 1.10175 0.2744 0.676 1.00425 0.64025 0.624 0.0 0.37375 0.9359 0.61425 0.2925 0.30875 0.0 0.45325 0.6825 0.2352 0.24255 0.0 
1.31555 1.16365 0.25725 0.64025 0.949 0.64025 0.65975 0.0 0.38025 0.91385 0.64025 0.325 0.30225 0.0 0.4704 0.67925 0.2401 0.24255 0.0 
1.2888 1.0928 0.2744 0.67925 1.03025 0.663 0.62075 0.0 0.3575 0.95795 0.637 0.28275 0.325 0.0 0.45325 0.676 0.2254 0.22785 0.0 
1.26265 1.12545 0.2695 0.69875 1.0465 0.62725 0.598 0.0 0.38025 0.9555 0.6305 0.273 0.30225 0.0 0.441 0.69225 0.2303 0.23765 0.0 
1.2797 1.1474 0.2597 0.68575 1.0075 0.6175 0.6045 0.0 0.38025 0.9261 0.61425 0.286 0.29575 0.0 0.4361 0.67275 0.245 0.2548 0.0 
1.30665 1.1327 0.2548 0.6435 0.9555 0.64025 0.65 0.0 0.37375 0.91875 0.65 0.31525 0.3055 0.0 0.4704 0.67925 0.23275 0.2352 0.0 
1.28875 1.1099 0.2744 0.676 1.014 0.64675 0.624 0.0 0.377 0.9555 0.63375 0.28275 0.3055 0.0 0.45325 0.6955 0.2254 0.22785 0.0 
1.28465 1.13765 0.2597 0.67925 1.00425 0.6305 0.62075 0.0 0.38675 0.93345 0.6305 0.286 0.29575 0.0 0.4557 0.70525 0.2254 0.245 0.0 
1.30505 1.1164 0.26705 0.6825 1.00425 0.65 0.61425 0.0 0.364 0.93835 0.624 0.28275 0.3185 0.0 0.43365 0.65325 0.24745 0.24255 0.0 
1.2879 1.1262 0.2695 0.65975 0.988 0.637 0.637 0.0 0.377 0.92365 0.62075 0.30875 0.3055 0.0 0.46795 0.689 0.22785 0.2401 0.0 
1.2667 1.13685 0.2597 0.67275 1.014 0.624 0.62075 0.0 0.377 0.9359 0.6435 0.299 0.30225 0.0 0.4606 0.689 0.2303 0.23275 0.0 
1.2969 1.1205 0.2597 0.69225 1.01725 0.6435 0.60775 0.0 0.36725 0.94815 0.6305 0.27625 0.31525 0.0 0.44345 0.67925 0.2303 0.24255 0.0 
1.28385 1.1246 0.2646 0.676 1.0075 0.637 0.624 0.0 0.38675 0.94815 0.637 0.28275 0.29575 0.0 0.43365 0.67925 0.245 0.2352 0.0 
1.3058 1.14165 0.2646 0.65975 0.96525 0.63375 0.637 0.0 0.38025 0.92855 0.6305 0.30225 0.299 0.0 0.4655 0.6955 0.22785 0.2401 0.0 
1.2855 1.1197 0.2597 0.6565 0.9945 0.65 0.64025 0.0 0.364 0.9261 0.637 0.3055 0.31525 0.0 0.46305 0.6695 0.23275 0.23765 0.0 
1.28875 1.11235 0.2744 0.689 1.027 0.64675 0.611 0.0 0.36725 0.94325 0.61425 0.2795 0.31525 0.0 0.4508 0.68575 0.2254 0.2401 0.0 
1.2692 1.11975 0.26705 0.70525 1.04 0.624 0.59475 0.0 0.3835 0.9555 0.63375 0.26975 0.299 0.0 0.4263 0.67925 0.24255 0.2352 0.0 
1.2993 1.13515 0.2646 0.6695 0.9815 0.637 0.62725 0.0 0.37375 0.92855 0.6305 0.299 0.30875 0.0 0.4606 0.68575 0.2303 0.2401 0.0 
1.29765 1.14575 0.25725 0.6435 0.95875 0.63375 0.65325 0.0 0.3835 0.9212 0.6435 0.31525 0.29575 0.0 0.4753 0.69875 0.2303 0.2401 0.0 
1.2912 1.11725 0.2695 0.68575 1.01075 0.64025 0.6175 0.0 0.38025 0.94815 0.6305 0.28275 0.3055 0.0 0.45325 0.69875 0.22785 0.2352 0.0 
1.26755 1.123 0.25725 0.6825 1.03025 0.64025 0.611 0.0 0.377 0.95305 0.6435 0.273 0.30225 0.0 0.4312 0.676 0.2401 0.23275 0.0 
1.29445 1.1107 0.2744 0.676 1.01075 0.65 0.624 0.0 0.36075 0.931 0.611 0.2925 0.32175 0.0 0.45325 0.6695 0.23275 0.24255 0.0 
1.3017 1.1547 0.2646 0.65325 0.9685 0.63375 0.64675 0.0 0.377 0.9114 0.624 0.3185 0.3055 0.0 0.46795 0.67925 0.23765 0.24255 0.0 
1.2643 1.132 0.2597 0.6955 1.03675 0.62075 0.6045 0.0 0.38675 0.9555 0.65 0.2795 0.29575 0.0 0.4508 0.70525 0.2254 0.2303 0.0 
1.2863 1.12705 0.25725 0.6955 1.01725 0.6305 0.60125 0.0 0.3835 0.95795 0.64675 0.26975 0.299 0.0 0.441 0.69875 0.22785 0.2352 0.0 
1.30095 1.11475 0.27685 0.67275 0.9945 0.64675 0.6305 0.0 0.37375 0.9261 0.598 0.2925 0.30875 0.0 0.441 0.66625 0.24745 0.25235 0.0 
1.3009 1.14655 0.2597 0.64025 0.95875 0.6435 0.65975 0.0 0.38025 0.9212 0.64025 0.3185 0.30225 0.0 0.4753 0.69225 0.2303 0.2352 0.0 
1.28715 1.10585 0.26705 0.67925 1.02375 0.65325 0.62075 0.0 0.364 0.95795 0.6435 0.28275 0.3185 0.0 0.4557 0.68575 0.22295 0.22785 0.0 
1.2822 1.12785 0.27195 0.689 1.014 0.624 0.611 0.0 0.38025 0.93345 0.61425 0.28925 0.30225 0.0 0.4557 0.6955 0.22785 0.24745 0.0 
1.28135 1.1515 0.26215 0.689 1.02375 0.6305 0.60775 0.0 0.38025 0.9408 0.6305 0.28275 0.30225 0.0 0.4312 0.6695 0.24745 0.24255 0.0 
1.30015 1.1213 0.2597 0.65975 0.975 0.64025 0.637 0.0 0.3705 0.92365 0.63375 0.30875 0.312 0.0 0.4704 0.68575 0.22785 0.2401 0.0 
1.28385 1.1197 0.2695 0.65975 0.9945 0.637 0.637 0.0 0.3835 0.93835 0.63375 0.299 0.299 0.0 0.46305 0.69875 0.2303 0.2352 0.0 
1.2871 1.13275 0.26215 0.67925 1.01075 0.64025 0.6175 0.0 0.3835 0.94325 0.6305 0.27625 0.299 0.0 0.44345 0.6955 0.2303 0.24255 0.0 
1.2798 1.11565 0.26215 0.689 1.0205 0.637 0.6045 0.0 0.36725 0.9457 0.64025 0.27625 0.312 0.0 0.4263 0.6565 0.24255 0.23275 0.0 
1.30415 1.13265 0.2744 0.663 0.975 0.637 0.6305 0.0 0.37375 0.92855 0.61425 0.30225 0.3055 0.0 0.46305 0.689 0.22785 0.2401 0.0 
1.2708 1.13115 0.2646 0.66625 1.001 0.62725 0.6305 0.0 0.3835 0.92855 0.63375 0.30225 0.299 0.0 0.46305 0.69225 0.23275 0.23765 0.0 
1.28465 1.12785 0.26215 0.689 1.01725 0.6305 0.60775 0.0 0.37375 0.94325 0.63375 0.28275 0.3055 0.0 0.45325 0.69225 0.2254 0.2401 0.0 
1.2847 1.12055 0.25725 0.69225 1.03025 0.64025 0.611 0.0 0.3835 0.96285 0.65 0.26975 0.299 0.0 0.42875 0.6825 0.24255 0.2352 0.0 
1.29685 1.13515 0.2695 0.66625 0.98475 0.63375 0.637 0.0 0.3835 0.931 0.624 0.30225 0.299 0.0 0.4606 0.6955 0.23275 0.24255 0.0 
1.3001 1.1482 0.26215 0.64675 0.975 0.6435 0.65325 0.0 0.377 0.92365 0.64025 0.31525 0.3055 0.0 0.4753 0.69225 0.2303 0.23765 0.0 
1.29365 1.10745 0.2744 0.68575 1.02375 0.6565 0.61425 0.0 0.36075 0.94815 0.62075 0.28275 0.32175 0.0 0.45325 0.67925 0.2254 0.23765 0.0 
