43.623 25.7574 7.41 23.4 23.907 3.861 15.678 0.0 19.539 17.7564 0.0 7.722 11.817 0.0 9.9942 7.488 2.793 8.229 0.0 
3.6182 2.1375 0.62075 1.96625 2.01175 0.30225 1.32925 0.0 1.638 1.4741 0.0 0.64025 0.99125 0.0 0.82865 0.64025 0.2499 0.68575 0.0 
3.10285 2.15135 1.132 1.60875 2.03125 0.663 1.3455 0.3315 1.28375 1.492 0.35425 0.299 1.001 0.0 0.8222 0.611 0.5667 1.014 0.3315 
2.86605 2.1367 1.3672 0.93275 2.0345 1.0335 1.0465 0.702 1.3065 1.4724 0.3575 0.0 0.6175 0.0 0.8369 0.312 0.87545 1.32275 0.702 
2.3752 2.64465 1.34925 0.91325 1.313 1.0465 1.03025 0.72475 0.962 1.46825 0.6825 0.0 0.61425 0.0 0.50225 0.299 0.8624 0.97825 0.728 
2.03555 2.3286 1.3623 1.25125 1.326 1.0335 1.365 0.71175 0.31525 1.74255 0.67275 0.0 0.9425 0.0 0.23765 0.0 0.8885 1.00425 0.71175 
1.41965 1.71275 1.3574 0.637 1.326 1.03025 1.976 0.7215 0.0 1.49845 0.6825 0.312 0.949 0.3055 0.0 0.31525 1.3589 0.988 1.03025 
1.11975 1.42675 1.37455 0.30225 1.0205 0.70525 1.62175 0.69875 0.32175 1.3097 0.663 0.286 0.30225 0.3315 0.22295 0.9035 1.3531 1.02375 1.03025 
0.81345 1.43005 1.0625 0.30875 0.7475 0.7345 1.66075 0.6955 0.3055 1.0517 0.689 0.2665 0.30875 0.351 0.2352 0.884 1.32875 1.2126 1.0465 
0.8894 1.37285 1.0592 0.3055 0.65975 0.7475 1.6705 0.715 0.30225 1.0509 0.6955 0.29575 0.3055 0.32175 0.23765 0.91325 1.31655 1.19145 1.03675 
0.8332 1.6131 0.81665 0.338 0.6565 0.7085 1.32925 1.05625 0.299 1.0199 0.3445 0.32175 0.338 0.6305 0.2401 0.93925 1.3768 1.21825 1.01725 
0.6027 2.1471 0.5595 0.299 1.03675 0.728 0.91975 0.68575 0.624 1.0745 0.32175 0.66625 0.299 0.67925 0.2254 1.5925 1.0346 0.94535 0.676 
0.5856 1.889 0.83955 0.3055 1.0335 0.71825 0.91975 0.6825 0.61425 0.70805 0.338 0.6565 0.30875 0.676 0.22785 1.573 1.04355 0.5764 0.69225 
0.28175 1.5867 0.8615 0.29575 1.01075 1.0205 1.235 1.00425 0.60775 0.46795 0.3315 0.64675 0.0 0.9685 0.24745 1.58275 1.27875 0.56335 1.3 
0.28665 1.5484 0.8624 0.30225 1.625 1.63475 0.91325 1.32275 0.62075 0.9408 0.3185 0.377 0.0 0.95225 0.23275 1.3065 0.823 0.5829 0.975 
0.28665 1.53545 0.8274 0.30875 1.625 1.62825 0.94575 1.274 0.30225 0.6909 0.338 0.69875 0.0 1.235 0.23765 0.68575 1.0541 0.60085 1.2935 
0.28665 1.2446 0.53165 0.299 1.62825 1.64125 0.949 1.27725 0.30875 0.6811 0.6175 0.69875 0.0 1.23825 0.24255 0.68575 1.03945 0.59845 1.29025 
0.24255 1.0339 0.78645 0.30225 1.69975 1.6575 0.949 1.28375 0.3055 1.0541 0.6435 0.67275 0.0 1.22525 0.2205 0.68575 1.0542 0.9421 1.2545 
0.75215 0.7644 0.54635 0.2925 1.71925 1.6705 1.612 0.6305 0.64025 1.05815 0.62725 1.053 0.0 0.9165 0.2401 0.68575 0.69335 0.61305 0.93925 
1.2593 0.2548 0.54635 0.9945 1.3325 1.25775 2.29125 0.6045 0.34125 1.07035 0.6435 0.65325 0.3705 1.23825 0.2352 0.0 0.6909 0.61545 1.2415 
1.2593 0.23765 0.56105 0.98475 1.3455 1.26425 2.327 0.58825 0.351 1.0679 0.6175 0.6695 0.364 1.21225 0.2401 0.0 0.69335 0.6228 1.2545 
1.57535 0.24745 0.8722 0.6825 1.64775 0.949 1.69975 0.28275 0.351 1.30145 0.637 0.64025 0.377 0.8775 0.21805 0.0 0.24745 0.8588 0.59475 
1.5404 0.2548 0.8299 0.67925 1.06925 0.3185 1.976 0.0 0.36075 0.84985 0.637 0.98475 0.3835 0.92625 0.2401 0.3055 0.6909 0.8327 0.92625 
1.87685 0.5603 0.83635 0.6825 1.027 0.6435 1.98575 0.0 0.34775 1.0598 0.6435 0.65325 0.69225 0.60775 0.0 0.3055 0.69825 0.82705 0.611 
2.50815 0.54965 1.48075 0.6825 1.63475 0.64675 1.97925 0.0 0.65325 1.06795 0.31525 0.6305 0.68575 0.6435 0.2303 0.28275 0.69335 0.60245 0.6435 
2.48535 0.5538 1.4685 0.67925 1.26425 1.0075 1.976 0.0 0.65 0.68845 0.33475 0.60775 1.053 0.65 0.23275 0.2665 1.07935 0.60895 0.65 
2.487 0.5619 1.46205 0.6825 0.93925 1.36825 1.6445 0.338 0.2925 0.72275 0.3315 0.30225 1.053 0.9685 0.22295 0.30225 1.06955 0.5967 0.6305 
2.46585 0.5448 1.4678 0.6825 0.94575 1.3715 1.3585 0.62725 0.30225 0.7154 0.32175 0.3185 0.689 1.00425 0.22785 0.3185 1.0842 0.60155 0.98475 
2.7613 0.57085 1.22105 0.68575 1.27075 1.391 1.35525 0.63375 0.30875 1.38565 0.0 0.286 0.70525 1.04975 0.23275 0.286 1.0801 1.30445 1.0205 
2.7589 0.87065 0.8911 0.6825 1.27075 1.3585 1.33575 0.6435 0.30225 1.62085 0.0 0.2665 0.67925 1.0465 0.22785 0.2665 1.0663 1.053 1.0335 
2.7614 0.8552 0.89435 0.6825 1.28375 1.352 1.34875 0.63375 0.29575 1.61675 0.0 0.2925 0.6695 1.04975 0.46795 0.6175 0.83355 1.05625 1.0075 
2.48025 0.58385 0.8919 0.6825 1.25125 1.0465 1.3455 0.637 0.60125 1.62085 0.0 0.32175 0.364 1.01725 0.44345 0.92625 0.84745 1.04975 0.97825 
1.80905 1.16235 0.89925 0.67925 0.67275 1.053 1.32925 0.64675 0.6305 1.61595 0.0 0.28275 0.377 1.03025 0.25235 1.248 1.05075 1.0595 1.014 
1.90205 1.39745 0.6175 0.6825 0.975 0.6825 1.33575 0.64675 0.611 1.62655 0.0 0.27625 0.0 1.04 0.25725 1.2285 0.66395 0.68575 1.02375 
1.3826 1.40885 1.1263 0.676 0.95225 0.0 1.32275 0.65 0.57525 1.61025 0.0 0.28275 0.325 0.71825 0.25235 1.19275 1.353 1.36175 1.36825 
0.8665 1.64325 1.41375 0.0 0.962 0.0 0.94575 0.35425 0.92625 1.6233 0.0 0.32175 0.32825 0.29575 0.22295 1.54375 1.75695 1.742 0.65 
0.83635 1.3771 1.68 0.0 0.9685 0.0 0.9555 0.3445 0.923 0.92365 0.34125 0.286 0.34125 0.32825 0.24745 1.53725 1.75685 1.0725 0.67275 
0.51695 1.0879 1.68815 0.0 0.64025 0.6175 0.949 0.34775 1.2285 0.7203 0.32175 0.585 0.64675 0.33475 0.2548 2.1515 1.9464 1.0595 0.68575 
0.539 1.07485 1.6751 0.0 0.65 0.6175 0.62725 0.676 1.209 0.69335 0.34125 0.91975 0.6565 0.3315 0.0 2.12875 2.24035 1.06925 0.3445 
0.5243 1.09525 1.67835 0.0 0.6305 0.6175 0.9425 0.962 0.95225 0.49 0.32175 1.20575 0.66625 0.312 0.2254 1.859 2.19555 1.04325 0.64675 
0.539 0.75795 1.368 0.0 0.624 0.6175 0.9295 0.975 0.6175 0.4606 0.32825 1.2285 0.6305 0.312 0.2303 1.54375 1.9954 1.29715 0.66625 
0.4802 0.52195 1.6563 0.0 0.715 0.6175 0.90025 1.00425 0.61425 0.84575 0.338 1.222 0.6435 0.3445 0.22785 1.534 2.00595 1.6961 0.65975 
0.7644 0.7906 1.11645 0.0 0.70525 0.96525 0.60775 1.34875 0.9425 0.81645 0.3445 1.599 0.299 1.0205 0.24745 1.54375 1.2974 0.96725 0.32825 
0.9604 0.83965 0.8519 0.38025 1.079 1.261 0.90675 1.97925 0.6695 0.84495 0.32175 1.55675 0.325 1.001 0.22785 1.235 0.9261 0.61955 0.98475 
0.7301 1.10255 0.8453 0.38025 0.7475 1.27075 0.91325 1.98575 0.65325 0.83765 0.338 1.5665 0.31525 1.001 0.2303 1.23825 0.931 0.6 0.99125 
0.735 1.38845 1.1606 0.36725 1.3585 0.66625 0.9035 1.99875 0.3315 0.8311 0.32825 1.25775 0.0 1.0205 0.22785 0.62075 0.7056 0.84335 0.98475 
0.72765 1.38355 1.17775 0.3705 1.378 0.66625 1.24475 1.68675 0.60125 1.05235 0.3185 0.64675 0.26975 1.03675 0.50225 0.62075 0.22785 0.85145 1.352 
0.7252 1.39745 1.15735 0.3835 1.38125 0.663 0.9165 1.36825 1.235 1.5146 0.338 0.62725 0.299 1.3065 0.2401 0.92625 0.0 0.8629 1.30975 
1.025 1.11225 1.18665 0.377 1.68025 0.6565 0.92625 1.36825 1.27075 1.5342 0.32825 0.6435 0.3185 1.2935 0.22785 0.9295 0.0 0.86535 1.29675 
1.0429 1.1042 1.1524 0.377 1.6705 0.6435 0.923 1.365 1.24475 1.15395 0.702 0.66625 0.28275 1.339 0.25235 0.91325 0.0 0.45815 1.339 
1.01765 1.10745 1.15735 0.38675 1.67375 0.63375 0.91325 1.365 1.2285 1.127 0.6955 0.30875 0.2665 0.99775 0.2646 1.27075 0.0 0.47285 1.69 
1.0561 0.82405 1.3828 0.0 1.287 0.71175 0.988 1.053 1.25775 1.1368 0.71825 0.299 0.2925 0.96525 0.245 1.28375 0.312 0.7971 1.34225 
1.0593 0.83375 1.4349 0.0 1.3 0.69875 0.98475 1.053 1.60875 1.1515 0.377 0.3055 0.32175 0.93275 0.22295 1.60225 0.63375 1.1213 1.32275 
1.07475 0.5145 1.09925 0.0 1.313 0.70525 0.9945 1.0595 1.90775 1.1417 0.38025 0.325 0.286 0.99125 0.25235 1.9175 0.8763 0.8616 1.391 
1.0577 0.5292 1.0675 0.0 1.2935 0.70525 0.715 1.35525 1.911 1.13925 0.377 0.64025 0.0 0.6305 0.0 1.93375 1.1172 0.87955 1.3455 
1.0765 0.51695 1.052 0.0 1.599 1.0465 0.72475 1.3455 1.25775 0.9163 0.364 0.34125 0.0 0.663 0.0 1.60225 1.34665 0.8885 1.3325 
0.77175 0.81585 1.10495 0.0 1.287 1.014 0.67275 1.3715 1.898 0.7056 0.66625 0.299 0.0 0.6435 0.0 2.20025 1.7804 0.62725 1.34225 
0.7791 0.8208 1.07805 0.0 1.2935 1.02375 0.702 1.3585 1.9045 1.0573 0.30875 0.32175 0.0 0.6435 0.0 2.22625 1.8187 1.014 1.326 
0.50715 0.56595 1.62435 0.0 1.29025 0.663 1.3975 0.637 1.5275 1.04015 0.299 0.6825 0.34775 0.299 0.338 1.872 2.19335 1.70625 0.9425 
0.5145 0.7881 1.3908 0.0 1.326 0.7085 1.3975 0.663 1.53075 1.3791 0.30225 0.663 0.35425 0.32825 0.32825 1.86875 2.1526 1.3845 0.99125 
0.76685 0.80035 1.1213 0.0 1.651 0.67925 1.37475 0.67925 1.2025 2.0828 0.30225 0.6435 0.35425 0.30225 0.32825 1.51775 1.8137 1.755 0.9815 
1.0911 1.426 1.4178 0.0 1.339 0.67925 1.365 0.676 1.235 1.83455 0.299 0.6435 0.351 0.30875 0.3315 1.55025 1.83735 1.97555 0.988 
1.09685 1.40805 1.42105 0.0 1.61525 0.97175 1.404 0.6695 0.923 1.78975 0.30225 0.3445 0.34125 0.91975 0.3445 0.923 1.82525 1.97395 1.02375 
1.1115 1.39585 1.40155 0.0 1.58925 0.95225 1.417 0.65325 0.93275 1.78075 0.30875 0.3315 0.35425 0.9165 0.3315 0.93275 1.8619 1.96335 1.03025 
1.3803 1.1018 1.44055 0.0 1.976 0.9815 1.36175 0.6695 0.2925 2.0706 0.0 0.34125 0.34125 0.92625 0.34125 0.2925 1.34005 2.2002 0.99125 
1.4481 1.09035 1.37365 0.0 1.92725 0.9945 1.3585 0.67925 0.29575 2.0048 0.0 0.3315 0.351 0.93275 0.3315 0.29575 1.3441 2.1401 0.99125 
1.9862 1.09035 0.85185 0.0 1.87525 1.664 1.04325 1.03025 0.30875 1.96975 0.0 0.0 0.0 1.2935 0.0 0.30875 1.01115 1.4486 1.0335 
1.9723 1.1034 0.847 0.0 2.223 1.2545 0.676 0.624 0.99775 1.6601 0.0 0.0 0.0 1.27725 0.0 0.99775 0.73745 1.4494 0.65 
1.70525 1.09525 1.12865 0.0 1.93375 1.28375 0.66625 0.63375 0.988 1.34905 0.0 0.0 0.0 1.2675 0.0 0.988 0.7105 1.1114 0.63375 
1.3916 0.47285 0.8387 0.33475 1.6445 1.5925 1.24475 0.9555 0.68575 1.35645 0.0 0.0 0.0 1.60875 0.0 0.68575 0.92855 0.86645 1.21875 
1.3827 0.48755 0.7947 0.299 1.313 1.3195 1.23825 0.99775 0.6825 1.1269 0.0 0.6175 0.0 1.29675 0.0 1.3 1.1564 0.89415 0.936 
1.37205 0.4802 0.81345 0.3055 0.97175 0.99125 1.21875 1.00425 0.9815 1.08135 0.0 0.61425 0.0 0.99775 0.23765 1.91425 0.931 0.85675 0.6175 
1.37465 0.4753 0.7695 0.32175 0.95225 0.97825 1.23175 0.98475 1.0075 1.074 0.0 0.6175 0.0 1.014 0.22295 1.92075 0.9359 0.8788 0.62075 
1.33695 0.4802 0.8543 0.32175 1.06925 0.97825 1.26425 0.949 0.99125 1.1813 0.0 0.6175 0.0 0.975 0.23275 1.92075 0.931 0.9559 0.6175 
0.842 0.7399 1.10905 0.30875 1.05625 0.30875 1.586 0.6435 1.31625 1.1683 0.0 1.30325 0.0 0.6435 0.59355 1.92075 0.931 1.2841 0.6175 
0.52525 1.0143 1.09855 0.312 1.04 0.67925 1.5795 0.63375 0.6435 1.44365 0.0 1.29675 0.0 1.02375 0.5781 1.23175 1.23405 1.27525 0.9945 
0.53095 1.01675 1.09935 0.31525 1.0465 0.67925 1.58275 0.63375 0.99775 1.1399 0.0 1.29675 0.0 1.03025 0.56335 1.5665 1.56475 1.29555 1.001 
0.535 1.02165 1.11075 0.31525 1.339 0.364 0.9945 0.62725 0.97175 1.3766 0.0 1.30325 0.0 0.67275 0.5854 1.573 1.36455 1.29635 0.6825 
0.53335 1.0045 1.1393 0.3055 1.3715 0.377 0.9815 0.624 0.95225 1.3848 0.0 1.3 0.0 0.6955 0.58945 1.5535 1.3255 1.2882 0.6825 
0.52035 1.01185 1.11325 0.31525 1.35525 0.38025 0.9555 0.6565 0.65975 1.13085 0.0 1.29675 0.0 0.7215 0.5935 1.26425 1.5737 1.324 0.6955 
