43.4676 25.5324 7.41 23.556 23.985 3.627 16.068 0.0 19.305 18.1284 0.0 7.644 12.051 0.0 9.534 7.527 2.9694 8.229 0.0 
3.6361 2.1261 0.6175 1.95325 2.0085 0.30875 1.32925 0.0 1.62825 1.4863 0.0 0.64025 1.001 0.0 0.8238 0.6175 0.23765 0.68575 0.0 
3.098 2.13425 1.132 1.61525 1.67375 0.30225 1.339 0.34125 1.29025 1.48785 0.0 0.3055 1.33575 0.0 0.8296 0.61425 0.9185 1.3715 0.3445 
3.11505 2.1554 1.13445 0.9165 1.664 1.001 0.9555 0.67275 1.339 1.44795 0.0 0.0 0.95225 0.364 0.86625 0.30875 0.9185 1.36825 1.03675 
2.57695 2.40205 1.40395 0.92625 0.9945 0.99125 0.9425 0.6695 0.936 1.48385 0.0 0.0 0.9425 0.377 0.46305 0.32175 0.9283 1.01075 1.0465 
2.2991 2.11525 1.3966 0.923 1.274 0.9945 0.9295 0.65325 0.299 1.9738 0.0 0.0 0.949 0.39 0.2254 0.0 0.68575 1.01725 1.04325 
1.6703 1.44085 1.3868 0.3185 1.30325 0.9815 1.248 0.99125 0.0 1.74425 0.0 0.0 0.9555 0.65975 0.0 0.0 1.15125 1.0335 1.651 
1.36315 1.14015 1.4121 0.0 0.988 0.68575 0.91975 0.99775 0.30875 1.48715 0.0 0.0 0.34125 0.64675 0.0 0.30875 1.38075 1.001 1.6445 
1.0617 1.13535 1.06345 0.0 0.676 0.6825 0.92625 0.97175 0.29575 1.2445 0.0 0.0 0.338 0.67275 0.0 0.29575 1.39055 1.2712 1.6445 
1.131 1.11395 1.08545 0.0 0.59475 0.68575 0.97825 0.95875 0.30875 1.24865 0.0 0.0 0.33475 0.689 0.0 0.30875 1.38075 1.2476 1.651 
1.35255 1.0692 0.83385 0.0 0.9815 0.67925 1.27725 0.64025 0.676 1.26175 0.0 0.6825 0.0 0.6565 0.3315 0.325 0.686 0.87785 1.3 
1.3851 1.08795 0.80045 0.299 0.962 0.3835 1.261 0.338 0.66625 1.2543 0.0 0.68575 0.0 0.96525 0.325 0.3055 0.69825 0.9031 1.30325 
1.63085 0.8413 0.8054 0.31525 1.274 0.36725 1.27725 0.338 0.64025 1.2323 0.0 0.6825 0.0 0.962 0.33475 0.2925 0.7105 0.91615 1.3 
1.2985 0.54235 0.8241 0.299 1.60875 0.3835 1.3 0.29575 0.95875 1.0379 0.0 0.6825 0.0 1.001 0.34125 0.6175 0.91875 0.9112 1.29675 
1.5894 0.54965 1.11985 0.2925 1.94025 1.0075 1.5925 0.0 0.97175 1.2813 0.0 0.68575 0.0 0.6825 0.33475 0.62075 0.46305 1.11135 0.6825 
1.5829 0.5285 1.0922 0.6435 2.2685 0.98475 1.90775 0.62075 0.65 1.29025 0.0 0.975 0.0 0.6825 0.56175 0.30875 0.23275 1.12925 1.30325 
1.59595 0.84045 1.42455 0.598 2.20025 0.988 1.95 0.6175 0.9555 1.26175 0.0 1.01725 0.0 0.68575 0.5806 0.60125 0.45325 0.8599 1.3065 
1.5697 0.61425 1.716 0.6175 2.3075 1.001 1.9045 0.6175 0.93925 1.6746 0.0 0.98475 0.0 0.68575 0.5561 0.585 0.441 1.2703 1.30325 
1.5803 0.6175 1.71515 0.6175 1.9565 1.3585 1.586 0.9425 0.611 1.6558 0.0 0.30225 0.0 0.6825 0.22785 0.61425 0.7848 1.2695 1.625 
1.53965 0.6175 1.68675 0.31525 1.9825 1.638 1.55675 1.261 0.60125 1.6844 0.0 0.30225 0.0 0.38675 0.22785 0.60125 0.79775 1.2645 1.64775 
1.29545 0.8625 1.69 0.2925 1.6185 1.65425 1.60225 1.26425 0.949 1.3048 0.0 0.32175 0.0 0.37375 0.24255 0.949 1.1326 1.232 1.638 
1.3149 0.8723 1.7168 0.6045 1.326 1.64775 1.859 1.25775 0.95875 1.08835 0.0 0.5915 0.0 0.3835 0.22785 1.248 1.362 1.2768 1.6445 
1.00695 0.8625 1.42845 0.60775 0.99775 1.03025 1.90125 1.27725 0.95225 0.8376 0.0 0.61425 0.30875 0.676 0.70315 1.8785 1.36695 1.04325 1.9565 
1.0192 0.8625 1.4162 0.30875 1.00425 1.365 1.59575 0.624 1.235 1.08585 0.0 0.624 0.28275 0.71825 0.46795 2.47975 1.3344 1.02375 1.34225 
1.00205 0.2499 0.80605 0.312 0.99775 1.339 1.586 0.6305 0.9555 1.0858 0.3055 0.61425 0.26975 0.728 0.4655 2.1905 1.13095 1.29145 1.3585 
1.02165 0.2548 0.78645 0.299 0.99125 1.3455 1.5795 0.64675 0.96525 1.05 0.29575 0.60775 0.2925 0.6955 0.4655 2.1905 1.135 1.2793 1.34225 
0.7497 0.4998 0.80605 0.28925 1.001 0.98475 1.2025 0.97825 1.30325 1.0557 0.29575 0.59475 0.3185 0.68575 0.4655 2.5155 1.13745 1.2793 1.664 
0.46305 0.7987 0.79625 0.312 1.2935 0.32175 0.92625 0.6825 1.27725 1.7529 0.31525 0.63375 0.28275 0.33475 0.4655 2.53175 1.824 1.2711 1.0205 
0.4704 0.7742 0.81585 0.30875 1.313 0.312 0.92625 0.68575 0.94575 2.0868 0.3055 0.62075 0.2665 0.351 0.4655 2.184 1.50795 1.29795 1.03675 
0.4655 0.7693 0.82565 0.0 0.988 0.91325 0.91975 0.988 0.65975 2.0591 0.286 0.29575 0.28925 0.6435 0.4655 1.573 1.5047 1.29885 1.63475 
0.45325 0.784 0.82075 0.0 0.9815 0.923 0.90675 0.97175 0.63375 2.0819 0.30225 0.60125 0.0 0.65 0.24255 1.55675 1.7317 1.3004 1.62175 
0.4655 0.7791 0.8134 0.0 0.6825 0.6175 1.23175 1.2935 0.32825 1.62295 0.312 0.6305 0.0 0.5785 0.4361 0.94575 1.99795 1.28735 1.87525 
0.4606 1.42355 1.4113 0.0 0.663 0.6175 1.23175 1.3 0.637 1.6368 0.0 0.64025 0.0 0.598 0.4508 1.25775 2.20135 1.05625 1.90125 
0.23275 1.6375 1.43415 0.0 0.99125 0.62075 1.23825 1.3065 0.6305 1.2468 0.364 0.66625 0.0 0.60125 0.4557 1.25125 2.2054 0.6695 1.911 
0.7448 1.39415 1.1565 0.34125 0.988 0.95875 1.5665 0.60775 0.299 1.26465 0.37375 0.6045 0.0 0.62725 0.4655 0.9165 1.84215 0.3445 1.235 
1.03145 1.0879 1.17855 0.33475 0.6825 1.651 1.58275 0.6175 0.30875 0.55125 0.377 0.624 0.32175 0.9685 0.4557 0.92625 1.176 0.3185 1.586 
1.27155 0.838 1.1761 0.32175 1.0075 1.651 1.5795 0.6045 0.299 0.2401 0.715 0.6435 0.3055 0.95875 0.4312 0.9165 1.1907 0.0 1.56325 
1.2838 0.84535 1.16385 0.325 1.0205 1.6575 1.3 0.325 0.61425 0.46795 0.7215 0.97175 0.6045 0.66625 0.4557 1.5405 0.93835 0.0 0.99125 
1.2887 0.8625 1.14425 0.33475 1.3455 1.963 0.65325 0.923 0.6305 0.7301 0.70525 0.89375 0.64025 0.99125 0.2303 1.21875 0.90405 0.0 0.67925 
1.27155 0.85025 1.17365 0.3445 1.6315 2.26525 0.34125 0.6175 0.611 0.9408 0.69875 0.61425 0.611 1.30975 0.23275 1.53725 0.69335 0.0 0.6955 
1.28625 0.23765 0.53655 0.338 1.6575 2.288 0.34775 0.6175 0.30875 0.9408 1.0075 0.58825 0.611 1.3 0.24255 1.21875 0.44345 0.2401 0.6825 
1.51165 0.2793 0.26705 0.33475 0.99775 2.68775 0.34775 0.61425 0.30225 1.33335 0.63375 0.58175 0.99125 1.3065 0.22295 1.183 0.8115 0.2352 0.689 
0.98 0.80115 0.2744 0.0 0.93925 2.29775 0.0 1.29675 0.676 1.64195 0.61425 0.5915 1.01725 1.29025 0.23275 1.57625 1.15765 0.2401 1.3585 
0.4851 1.3181 0.2597 0.3835 1.63475 1.90775 0.3835 1.30325 0.69225 1.633 0.6435 0.60775 1.092 1.22525 0.23765 1.61525 1.16015 0.23765 1.29025 
0.22785 1.8326 0.0 0.377 1.3195 1.94025 0.377 1.3 0.98475 2.0133 0.3055 0.5915 1.066 1.22525 0.2401 1.89475 1.4916 0.9234 1.29025 
0.24255 1.8179 0.0 0.6825 1.6575 1.32925 0.6825 1.3 0.67925 2.02075 0.30875 0.273 0.741 1.547 0.22785 1.2545 1.48585 0.92095 1.61525 
0.23765 1.8228 0.0 0.69225 1.30975 0.975 1.313 0.68575 0.676 1.75285 0.29575 0.0 0.75725 1.53075 0.4508 1.274 1.5088 0.93075 2.2165 
0.2303 1.83015 0.0 0.7085 0.9685 0.689 1.326 0.6825 1.3 1.97005 0.29575 0.30225 0.75075 1.5665 0.24255 1.3195 1.5348 0.9283 2.249 
0.2303 2.44765 0.6175 0.663 1.001 0.69875 1.28375 0.6825 1.60225 2.01245 0.0 0.3185 0.74425 1.55675 0.21315 1.56975 1.7481 0.68575 2.24575 
0.2254 2.161 0.9066 0.67925 1.378 0.3055 1.29675 0.6825 1.599 2.0076 0.0 0.312 0.377 1.5405 0.2058 1.56325 1.37515 1.066 2.22625 
0.7448 1.6465 0.90415 0.7085 1.36175 0.98475 1.68675 0.325 1.23825 1.66555 0.0 0.2925 0.38675 1.859 0.2156 1.23175 1.04605 1.066 1.534 
1.274 1.1377 0.8927 0.702 0.65975 0.98475 1.58925 1.01725 1.261 1.6387 0.0 0.312 0.0 1.5795 0.2401 1.2675 1.0346 1.04975 1.93375 
1.26665 0.8576 1.17365 0.68575 0.67925 0.988 1.57625 1.0205 0.93925 1.61265 0.0 0.31525 0.0 1.58275 0.2156 0.91 0.7252 0.689 1.924 
1.88415 1.17455 1.4742 0.3835 0.37375 0.98475 1.261 1.02375 0.91 1.65255 0.0 0.3185 0.0 1.2805 0.2107 0.871 0.4753 0.94615 1.62175 
1.88415 1.1672 1.4791 0.364 0.3705 1.0075 1.00425 1.3065 0.9165 1.6322 0.0 0.57525 0.0 1.2415 0.0 0.9165 0.69335 0.9364 1.3065 
1.87925 1.1493 1.5019 0.38025 0.377 0.988 1.27075 1.625 0.299 1.15935 0.0 0.60775 0.0 0.949 0.22785 0.6045 0.931 0.94945 1.3 
2.1717 0.56355 1.1647 0.3835 0.39 1.28375 1.27725 1.61525 0.0 0.96075 0.0 0.60775 0.30225 0.93925 0.22785 0.3055 0.931 1.20085 1.3 
1.94225 1.06665 0.8756 0.3705 0.3705 1.6055 1.3065 1.5925 0.312 0.55935 0.0 0.57525 0.611 0.95225 0.22785 0.58825 0.931 0.8125 1.32925 
1.95525 1.08535 0.8756 0.38675 0.71175 1.26425 1.3065 1.6315 0.663 0.5716 0.0 0.95225 0.9685 0.6175 0.24745 0.60125 0.91875 0.7921 1.69325 
1.939 1.052 0.88455 0.29575 0.702 1.34225 1.24475 0.9555 0.6435 0.54875 0.0 0.936 0.9555 1.3 0.22785 0.61425 0.9261 0.8158 1.651 
1.95525 1.07155 0.88615 0.3185 0.7085 1.32925 1.27725 0.9555 0.65325 0.22785 0.338 0.95225 0.9685 1.30325 0.23275 0.62075 0.9359 0.4704 1.651 
1.33125 0.7546 0.5791 0.62075 1.027 1.3195 1.58275 0.9425 0.624 0.23275 0.31525 0.9165 0.9555 1.61525 0.22785 0.58175 1.1662 0.23765 1.989 
1.3394 0.7644 0.5701 0.60775 1.0205 1.34875 1.872 0.6695 0.637 0.2352 0.3315 0.99775 1.23175 0.9945 0.23765 0.6565 1.15885 0.2352 1.664 
1.32475 0.7693 0.55545 0.624 1.30975 1.65425 1.56325 0.36075 0.93275 0.6909 0.338 0.64025 1.25775 1.31625 0.0 0.9295 0.9261 0.245 1.67375 
1.3467 0.77175 0.57495 0.62725 1.6185 1.352 1.58275 0.34125 0.96525 0.91875 0.34125 0.637 0.975 1.32275 0.0 0.91975 0.7105 0.22785 1.66075 
1.57705 0.245 0.8494 0.61425 1.612 1.0205 1.5665 0.34775 0.65325 0.931 0.689 0.6695 0.6305 1.287 0.0 0.6565 0.6958 0.2352 1.63475 
1.32465 0.2548 1.10905 0.60775 1.3065 1.03675 1.22525 0.6825 0.30875 0.9359 0.71175 0.34775 0.26975 1.64775 0.0 0.6565 1.033 0.56585 1.638 
1.33275 0.245 1.14245 0.6305 1.33575 1.03025 1.248 0.6825 0.29575 0.9457 0.70525 1.01075 0.28925 0.97825 0.0 1.3065 1.04195 0.5593 0.975 
1.33525 0.245 1.1172 0.637 1.29025 1.053 1.2545 0.68575 0.3055 0.91875 0.70525 0.9815 0.32175 1.01075 0.0 1.287 1.0396 0.5496 0.9685 
1.92505 0.54485 1.4341 0.30225 0.99125 1.027 0.91975 0.6825 0.62075 0.69335 0.728 1.014 0.286 0.64675 0.0 1.63475 1.01995 0.81415 0.624 
2.23795 0.84385 1.41125 0.312 0.9945 1.313 0.92625 0.6825 0.6175 0.9163 0.69875 1.014 0.0 0.65975 0.0 1.6315 0.8166 0.78475 0.64025 
2.23465 0.8495 1.4219 0.299 0.6955 1.00425 1.209 0.97175 0.325 0.45815 0.69225 1.313 0.0 0.3445 0.2205 1.3455 1.0828 0.78145 0.6305 
2.2395 0.88365 1.3975 0.299 0.67275 1.04 1.22525 0.9945 0.31525 0.46795 0.702 1.287 0.0 0.34125 0.2352 1.2935 1.03215 0.80675 0.65325 
2.2241 0.85035 1.41375 0.31525 0.68575 1.01075 1.2415 0.99775 0.30875 0.8278 0.33475 1.3195 0.0 0.35425 0.2352 1.31625 1.0371 1.17075 0.6435 
1.93755 1.33715 1.1639 0.30875 0.67275 0.65 1.5795 0.67275 0.99125 0.8074 0.31525 1.3455 0.3315 0.0 0.24255 2.01825 0.7154 0.84985 0.67275 
1.7162 1.3559 1.3844 0.0 1.06275 0.286 1.23175 0.64025 1.67375 1.12025 0.3315 0.6175 0.32825 0.0 0.2156 2.00525 0.73255 1.1521 0.64025 
1.7308 1.40385 1.36655 0.0 1.053 0.30225 1.26425 0.6695 1.703 1.4705 0.0 0.6305 0.32825 0.0 0.23765 2.0215 0.7203 1.47295 0.6695 
1.4392 1.386 1.05115 0.0 1.04 0.62075 1.5795 0.96525 1.36175 1.69025 0.0 0.62075 0.338 0.0 0.2352 1.6705 0.69825 1.25005 0.96525 
1.1418 1.07475 1.0789 0.0 1.04975 0.30225 1.2935 1.2415 1.365 1.46325 0.0 0.31525 0.338 0.338 0.23765 1.365 0.92365 1.2354 1.58275 
1.12795 1.07075 1.0805 0.0 1.0595 0.3185 1.0075 0.93275 1.6835 1.71875 0.0 0.0 0.34125 0.34775 0.0 1.6835 0.93345 1.25325 1.2805 
