43.1544 25.7868 7.41 23.673 23.868 3.627 15.795 0.0 19.422 17.7276 0.0 7.449 12.012 0.0 9.945 7.371 2.8518 8.151 0.0 
3.40495 2.3995 0.6175 1.9435 1.9045 0.70525 1.30325 0.0 2.01175 1.4781 0.0 0.64025 1.3715 0.0 0.82875 1.00425 0.2401 0.6825 0.0 
3.1168 2.36455 0.87475 1.612 1.60875 1.0075 0.99775 0.6825 1.63475 1.50175 0.0 0.29575 1.7095 0.0 0.8051 0.975 0.5789 1.02375 0.6825 
3.1249 2.367 0.8821 0.9295 1.62175 1.68025 0.62075 0.99125 1.66075 1.47735 0.0 0.0 1.31625 0.37375 0.8393 0.6695 0.5813 1.0335 1.365 
2.5966 2.63645 1.132 0.9295 0.9165 1.69325 0.611 0.9815 1.32925 1.48375 0.0 0.0 1.326 0.38025 0.4851 0.68575 0.58215 0.689 1.365 
2.01485 2.0034 1.14835 0.91 0.90675 2.3335 0.61425 1.00425 0.71175 1.46265 0.0 0.0 1.32925 0.97825 0.48755 0.689 0.57805 0.663 1.98575 
1.3591 1.3778 1.1565 0.312 1.20575 2.613 0.92625 1.28375 0.39 1.47815 0.0 0.0 1.3325 1.60875 0.21315 0.67275 0.84505 0.67925 2.29125 
1.06175 1.0821 1.1467 0.0 0.91 2.31075 0.60775 1.28375 0.38025 1.03055 0.0 0.0 0.70525 1.62175 0.4655 0.99775 1.0582 0.69225 2.2945 
0.76685 0.7742 0.5194 0.0 0.6045 2.27825 0.64675 1.27725 0.36075 0.7855 0.30225 0.0 0.69225 1.60875 0.46795 0.9815 1.0664 0.93315 2.3205 
0.9996 0.24255 0.8134 0.0 0.6435 1.9045 0.65325 1.248 0.0 1.1275 0.30225 0.0 0.338 1.61525 0.4655 0.6175 1.07135 1.2752 2.3335 
1.26665 0.2548 0.53655 0.0 0.6695 2.28475 0.95225 0.95225 0.0 1.15605 0.29575 0.0 0.0 1.96625 0.4557 0.6045 0.7154 0.9478 1.6185 
1.25685 0.245 0.5488 0.0 1.04975 1.924 0.637 0.65975 0.0 1.52825 0.3055 0.31525 0.0 1.5795 0.45325 0.9165 1.0696 0.93395 0.91975 
1.24705 0.24255 0.5537 0.0 1.03025 1.88175 0.66625 0.6305 0.0 1.1836 0.62075 0.3055 0.0 1.5795 0.47775 0.9425 1.07365 0.61465 0.949 
1.2495 0.25235 0.5488 0.3055 1.04 1.56325 1.2805 0.9425 0.0 1.20065 0.64025 0.6045 0.0 0.97825 0.2254 0.9035 1.34635 0.6187 0.65325 
1.26175 0.2499 0.5439 0.3055 0.73775 1.3065 0.95225 1.27725 0.0 0.9607 0.62725 0.94575 0.2925 0.96525 0.4508 1.54375 1.31295 0.61305 0.312 
1.26665 0.2499 0.54145 0.63375 1.37475 1.5795 0.95875 1.5405 0.0 1.44245 0.62725 0.92625 0.325 1.2805 0.245 1.25125 1.0752 0.6098 0.90025 
1.2642 0.8617 1.1557 0.6175 1.36825 1.599 0.94575 1.60875 0.30225 1.4539 0.32825 0.93275 0.28275 1.27075 0.21315 1.51775 1.3292 0.36725 0.936 
1.2593 0.8723 1.1565 0.61425 1.35525 1.6185 0.9555 1.586 0.312 1.43355 0.338 0.962 0.273 1.2675 0.2058 1.547 1.32765 0.3705 0.936 
0.7399 1.36965 1.181 0.61425 1.365 0.936 0.9685 1.53725 1.0205 1.42695 0.31525 0.9685 0.64025 0.94575 0.21805 2.27825 1.33745 0.3835 1.248 
0.45325 1.3762 1.4546 0.62725 0.9945 0.9035 0.97825 1.54375 1.378 1.4571 0.3315 0.91975 0.67925 0.92625 0.2401 2.61625 0.92855 0.76375 1.235 
0.71295 1.132 1.44805 0.62725 1.326 0.9165 0.97175 1.573 1.3585 1.7911 0.0 0.95225 0.64025 0.91975 0.2156 2.59675 0.94325 1.08875 1.2545 
0.7154 1.12875 1.4448 0.637 1.32275 0.89375 0.64675 1.89475 1.40075 1.78205 0.0 0.6305 0.62725 0.91325 0.21315 2.314 0.96285 1.0985 1.57625 
0.7105 1.12955 1.4407 0.6045 1.29025 0.93925 0.93275 1.56975 1.365 1.73495 0.0 0.92625 0.34775 0.65975 0.0 2.2945 1.1711 1.0465 1.5665 
0.7203 1.12955 1.43825 0.3185 0.715 0.598 1.24475 1.5665 1.69 1.56075 0.0 1.222 0.34125 0.312 0.22785 2.60975 1.16865 1.09525 1.25775 
0.70805 0.82 1.1385 0.3055 0.69225 0.63375 1.26425 1.56975 1.66075 1.2882 0.0 1.2415 0.34775 0.31525 0.22785 2.60325 1.1613 1.29715 1.2545 
0.69335 0.80455 1.1402 0.312 0.715 0.6045 1.23825 1.586 1.66725 1.3272 0.0 1.222 0.3575 0.34125 0.2303 2.58375 1.14905 1.3378 1.24475 
0.7007 0.30875 1.6636 0.30225 0.715 0.611 1.248 1.64125 0.988 1.3198 0.0 1.5665 0.0 0.338 0.5757 1.90125 1.52125 2.0227 1.3065 
0.4998 0.81105 1.3378 0.33475 1.07575 0.65325 1.2155 1.57625 0.91975 0.9372 0.0 1.248 0.0 0.68575 0.55935 1.534 1.5025 1.6246 1.64125 
0.23275 1.0593 1.3729 0.30875 0.75725 0.689 1.2675 1.5795 0.91325 0.60975 0.32175 1.27725 0.0 0.69225 0.5797 1.534 1.50255 1.3004 1.65425 
0.5464 1.37785 1.3533 0.30875 0.7475 0.38025 0.91975 1.2935 0.923 0.8401 0.338 1.2545 0.30875 1.027 0.5626 1.5405 1.2763 1.2874 1.0335 
1.16145 1.9937 1.36635 0.65325 0.73775 0.63375 0.91975 0.97175 0.923 1.29415 0.32825 0.65325 0.3055 0.67275 0.57485 0.92625 0.80835 1.2882 1.0335 
1.1354 1.9571 1.3705 0.637 1.066 0.98475 0.6305 0.676 0.6045 1.30715 0.3185 0.325 0.32175 1.00425 0.32825 0.6045 1.0476 1.311 1.03675 
1.13135 1.67035 1.05595 0.624 1.066 1.001 0.637 0.68575 0.29575 1.51705 0.64025 0.32175 0.325 1.01075 0.32175 0.299 0.84095 1.29795 1.0465 
1.1655 1.6947 1.06575 0.63375 1.06925 0.975 0.62075 0.65 0.312 1.55055 0.6305 0.338 0.30225 0.9945 0.338 0.312 0.79855 1.3004 1.04325 
1.4236 1.95035 0.5341 0.65975 1.38775 1.63475 0.2665 0.99125 0.30225 1.5147 0.63375 0.0 0.30875 1.677 0.0 0.30225 0.46795 0.5984 0.68575 
1.9275 1.4228 0.54635 1.30325 1.0075 1.27725 0.585 1.37475 0.0 1.5171 0.62075 0.0 0.6955 1.96625 0.0 0.0 0.46795 0.61305 0.5915 
1.9015 1.40335 0.539 1.30975 1.014 1.3065 0.637 1.38125 0.0 1.49505 0.63375 0.0 0.69875 1.99875 0.0 0.0 0.49 0.61305 0.6175 
1.921 1.4016 0.56595 1.01725 1.35525 1.287 0.598 1.04975 0.0 1.79795 0.6305 0.0 0.36725 1.68675 0.0 0.0 0.2254 0.6146 0.637 
1.3141 0.79795 0.54635 0.67925 1.32275 0.99125 0.91325 1.06275 0.0 1.3023 0.6305 0.34125 0.38025 1.94675 0.20825 0.6175 0.48755 0.6114 0.88725 
1.33115 0.82155 0.5488 0.97175 1.2935 0.6825 0.92625 1.3455 0.0 1.2745 0.61425 0.3315 0.37375 1.65425 0.2156 0.6175 0.4949 0.62935 0.88725 
1.6334 0.8289 0.8388 0.988 1.612 0.6825 0.91 1.38125 0.0 1.2909 0.33475 0.299 0.39 1.6835 0.2401 0.6175 0.45815 0.6049 0.91975 
1.644 0.8012 0.8673 1.001 1.6445 0.6825 0.92625 1.3715 0.0 0.9457 0.6825 0.3315 0.3705 1.65425 0.2156 0.6175 0.4753 0.2254 0.9165 
1.86135 0.57005 0.8258 1.001 1.28375 0.6825 1.2545 1.0465 0.0 0.9261 0.7085 0.33475 0.377 1.313 0.2156 0.62075 0.4753 0.24745 0.91 
1.87355 0.5578 0.85515 0.2925 1.62825 1.0075 0.9555 0.64025 0.3575 0.91385 0.69875 0.6565 0.0 0.63375 0.2156 1.3 0.4949 0.2401 0.5785 
2.1185 0.32175 0.8633 0.31525 2.00525 0.98475 0.93925 0.67275 0.38025 1.256 0.38675 0.61425 0.0 0.663 0.2303 1.3 0.4606 0.56265 0.62075 
1.81225 0.0 0.8543 0.31525 1.716 1.60225 1.2545 0.98475 0.38025 0.8027 0.38025 0.923 0.0 0.65975 0.22785 1.60875 0.93345 0.5732 0.9295 
1.8221 0.0 0.8274 0.312 1.69 1.6055 0.91 1.3065 0.377 0.80185 0.364 0.897 0.0 0.351 0.25725 1.6185 0.9016 0.5838 0.95875 
1.81225 0.0 0.85675 0.28925 1.66725 1.6055 1.23175 0.99125 0.38025 0.7701 0.3705 0.88725 0.28925 0.338 0.25235 1.60225 0.9261 0.5602 0.65325 
1.51165 0.61425 1.15325 0.312 1.39425 1.59575 1.23175 0.93925 0.69875 0.7921 0.36725 0.936 0.312 0.3445 0.23765 1.95 1.15885 0.3315 0.598 
1.5092 0.6175 1.1614 0.3055 1.3715 1.61525 1.2545 0.96525 0.676 1.16585 0.0 0.936 0.3055 0.34775 0.23275 1.92075 1.16865 0.70525 0.6175 
1.22745 0.88455 1.181 0.3185 1.75175 1.60875 0.91 1.326 0.689 1.17565 0.0 0.90025 0.3185 0.6825 0.25235 1.924 1.1466 0.70525 0.64675 
0.72275 0.88375 1.67265 0.299 1.3715 1.2935 0.8775 1.339 0.611 1.4705 0.0 0.56875 0.299 0.6825 0.26215 1.5275 1.52195 1.3975 0.65975 
0.4851 1.1467 1.6661 0.312 1.03675 1.3 0.90675 1.29025 0.63375 1.14715 0.35425 0.62725 0.312 0.6825 0.23765 1.57625 1.5424 1.066 0.60775 
0.49735 1.13445 1.6563 0.3055 1.0075 1.3 0.949 1.30975 0.6175 1.12685 0.3445 0.31525 0.3055 0.97175 0.22785 1.235 1.55055 1.04325 0.91975 
0.48265 1.1467 1.6563 0.32175 1.04 1.29675 0.91 1.313 0.6045 1.1334 0.35425 0.6175 0.32175 1.326 0.0 1.222 1.77915 1.04975 0.6175 
0.48755 1.1369 1.6661 0.0 0.715 1.29675 0.56875 1.33575 0.9425 1.15205 0.34775 0.6175 0.0 1.3455 0.2303 1.8655 1.5359 1.05625 0.6175 
0.4704 0.83395 1.32885 0.0 0.7345 1.29675 0.60125 1.30325 0.6305 1.16015 0.36725 0.6175 0.0 1.313 0.2254 1.547 1.295 1.30855 0.6175 
0.4753 1.10345 1.05445 0.0 0.728 1.29675 0.65975 1.30975 0.61425 0.75715 0.34775 0.6175 0.0 1.25125 0.2254 1.53075 1.31125 0.9218 0.6175 
0.22785 0.8616 1.58925 0.0 0.702 0.9425 0.90675 0.988 0.60125 0.7661 0.67275 0.6175 0.0 0.65325 0.24255 1.54375 1.66145 1.26135 0.97175 
0.7497 0.83555 1.06585 0.2925 0.70525 1.34225 1.2155 0.99125 0.30225 0.45325 0.6825 1.3 0.0 0.65325 0.23765 1.9175 1.27795 0.5846 0.96525 
0.99225 0.5547 1.0692 0.30875 1.00425 1.31625 1.24475 1.0075 0.32825 0.4606 0.64675 1.29675 0.0 0.6305 0.21805 1.91425 1.282 0.60335 0.9685 
1.00205 0.5783 1.06585 0.30225 1.053 1.3325 1.27725 0.95225 0.3055 0.4557 0.6825 1.59575 0.0 0.29575 0.2352 2.21325 1.27225 0.58135 0.6565 
0.98 0.6027 1.10985 0.32175 1.027 1.313 0.96525 1.274 0.30225 0.46795 0.65 1.32275 0.286 0.6175 0.45325 2.22625 1.06315 0.57315 0.6565 
0.98 0.58325 1.06835 0.3055 1.04 1.313 1.26425 1.612 0.0 0.21805 0.65325 1.64125 0.2795 0.6175 0.45325 1.599 1.3032 0.60495 0.9945 
1.2929 0.2891 1.06995 0.29575 1.0465 1.625 1.2285 1.58275 0.0 0.0 0.66625 1.60875 0.58175 0.6175 0.4361 1.60225 1.54085 0.5976 0.96525 
1.31575 0.27195 1.0683 0.30875 1.04 1.625 1.2805 1.60225 0.0 0.0 0.67925 1.6055 0.6045 0.6175 0.46795 1.59575 1.5017 0.58865 0.988 
1.55255 0.28175 0.8347 0.30225 0.6955 1.64125 1.261 1.57625 0.0 0.0 0.32175 1.625 0.949 0.95875 0.4655 1.612 1.5001 0.57645 0.62075 
1.28065 0.5635 0.81025 0.0 0.70525 1.5665 0.96525 1.59575 0.0 0.38025 0.338 0.95875 1.2155 0.96525 0.4459 0.91975 1.8967 0.58055 0.63375 
1.0405 0.8232 0.8004 0.0 0.37375 1.58925 0.91975 1.55675 0.0 0.7215 0.0 0.9425 1.235 0.9685 0.4312 0.936 1.89435 0.92095 0.5915 
1.3045 1.12065 0.78655 0.33475 0.38025 0.95875 0.6435 1.61525 0.0 0.94685 0.0 0.6305 1.573 1.3 0.4655 0.6175 1.63955 0.9291 0.31525 
1.32315 1.1434 0.8053 0.30875 0.3835 0.95875 0.62725 1.5795 0.0 0.9583 0.0 0.60775 1.55025 1.2805 0.45815 0.0 1.64195 0.90225 0.30225 
1.3403 1.13115 0.8045 0.30875 0.377 0.96525 0.64675 1.58275 0.0 0.95425 0.0 0.59475 1.5925 1.27075 0.44835 0.0 1.6436 0.9299 0.312 
1.34755 1.1409 0.81915 0.299 0.676 0.637 0.637 1.55025 0.0 1.2041 0.0 0.56225 1.287 1.2545 0.42385 0.0 1.45485 0.9193 0.29575 
1.3811 0.84865 1.04695 0.32175 0.6305 0.64675 0.637 1.5925 0.0 1.50955 0.0 0.60775 1.261 1.28375 0.45815 0.0 1.42305 1.215 0.30875 
1.6392 0.8315 0.8028 0.325 0.62725 0.99775 0.65 1.599 0.0 1.48515 0.0 0.624 0.949 1.29025 0.4704 0.0 1.0753 0.8876 0.312 
1.94535 0.5921 0.7734 0.988 0.611 0.6825 0.96525 1.96625 0.0 1.1383 0.0 0.60775 1.01075 1.95975 0.45815 0.0 0.7056 0.89085 0.63375 
2.18385 0.30875 0.8069 0.99125 0.949 0.6825 0.92625 1.9695 0.0 0.77345 0.3315 0.572 1.04 1.9695 0.4312 0.0 0.73255 0.53335 0.6045 
1.8775 0.0 0.81175 0.99125 1.261 0.676 0.93275 1.963 0.0 0.7751 0.3315 0.60125 1.0075 1.963 0.45325 0.0 0.7154 0.5252 0.611 
1.87995 0.0 0.8191 0.962 1.313 0.6825 1.235 1.6315 0.0 0.8126 0.338 0.91975 0.66625 1.625 0.22785 0.6175 0.91385 0.5382 0.598 
1.8433 0.0 0.8192 1.001 1.5665 1.00425 0.975 1.326 0.0 1.01755 0.32175 0.93925 0.69225 1.63475 0.22295 1.235 0.7056 0.5594 0.30875 
