43.5456 25.3278 7.41 23.634 24.219 3.549 16.146 0.0 19.851 17.6202 0.0 7.8 11.895 0.0 10.248 7.371 2.7342 8.229 0.0 
3.3643 2.13425 0.847 1.95 2.29775 0.3055 1.32275 0.0 1.61525 1.78845 0.0 0.63375 0.9945 0.0 0.82225 0.611 0.23275 0.99125 0.0 
3.39925 2.16515 0.84455 1.58925 1.95325 1.0075 1.3195 0.33475 1.313 1.76975 0.0 0.325 0.975 0.33475 0.83525 0.64675 0.24255 0.988 0.0 
3.37895 2.13835 0.8429 0.93275 1.97925 1.67375 0.975 0.637 1.27075 1.79345 0.0 0.0 0.6175 0.71175 0.8124 0.312 0.2352 0.98475 0.68575 
2.8799 2.38745 1.10505 0.9295 1.30325 1.67375 0.9685 0.62725 0.936 1.79015 0.0 0.0 0.6175 0.715 0.4753 0.3055 0.2303 0.63375 0.68575 
2.5622 1.7748 1.4244 1.24475 1.3 1.66725 1.287 0.6435 0.3445 1.80145 0.0 0.0 0.62075 1.01075 0.25725 0.0 0.2303 0.8982 0.988 
1.96825 1.1613 1.43585 0.60125 1.28375 1.69 1.52425 0.97825 0.338 1.822 0.0 0.0 0.62075 1.31625 0.2107 0.6175 0.23275 0.8665 1.60875 
1.6587 0.8526 1.4431 0.28925 1.29675 1.68025 1.2415 0.9555 0.31525 1.5851 0.0 0.312 0.0 1.31625 0.2303 0.93275 0.44835 0.89095 1.59575 
1.34345 0.53655 0.80445 0.30875 0.988 1.677 1.28375 0.9555 0.61425 1.109 0.30225 0.3055 0.0 1.3195 0.23275 1.2285 0.6958 1.11635 1.61525 
1.57295 0.5194 0.5856 0.30875 0.69225 1.68675 1.25125 0.9815 0.637 0.81015 0.299 0.3185 0.0 1.2935 0.2107 1.235 0.68355 0.79055 1.612 
1.0446 1.0535 0.5693 0.31525 0.6825 0.9815 1.21225 1.001 1.339 0.81905 0.30875 0.9815 0.0 1.32275 0.20335 1.22525 0.7105 0.79455 1.61525 
0.7905 1.0486 0.8738 0.2925 0.689 0.62075 0.923 0.67275 1.6705 1.17485 0.29575 1.30975 0.0 0.95225 0.22785 1.91425 0.6762 1.18955 0.91 
0.7856 1.05105 0.8738 0.2925 0.67925 0.60775 0.94575 0.64675 2.0215 0.8555 0.30225 1.2935 0.0 0.949 0.2352 2.25875 1.0199 1.2139 0.91 
0.47285 1.0339 0.55615 0.0 0.68575 1.248 0.923 0.988 2.01825 0.8719 0.30225 1.313 0.0 0.949 0.21315 2.249 1.2405 0.9364 1.23825 
0.4606 1.0535 0.54635 0.0 0.676 1.222 1.2675 0.65325 1.7095 0.6081 0.3055 1.63475 0.0 0.91975 0.0 1.97925 1.74265 0.95915 0.8905 
0.4753 1.0388 0.54635 0.31525 0.9945 1.24475 1.261 0.9685 1.664 0.82625 0.299 1.32925 0.30225 0.95875 0.0 1.625 1.47735 0.92505 1.23175 
0.4508 1.37525 0.8681 0.31525 1.001 1.22525 1.27725 1.01075 1.3845 1.07935 0.0 1.287 0.299 0.962 0.0 1.3065 1.25925 0.92495 1.25775 
0.22295 1.58605 0.85595 0.29575 0.91975 1.61525 1.23825 0.95225 1.40725 1.4636 0.0 1.30975 0.70525 0.95875 0.0 1.35525 1.6525 0.9624 1.196 
0.4949 1.09515 1.10985 0.30225 0.9425 1.95325 1.60875 0.611 0.71825 1.4401 0.0 0.65 1.01075 0.5915 0.0 1.36825 1.9759 1.2784 1.2025 
0.4851 1.08855 1.1498 0.32825 0.923 1.9305 1.93375 0.95225 0.32175 1.4759 0.3835 0.338 1.01075 0.5785 0.0 0.65975 2.3602 0.88185 1.53075 
0.7448 0.833 1.1221 0.3055 1.27075 1.94675 1.92075 0.923 0.0 1.79435 0.3835 0.29575 1.014 0.624 0.0 0.29575 2.0222 0.89815 1.55025 
1.0552 0.8135 1.3983 0.30225 1.573 1.352 1.6185 0.62075 0.0 1.99455 0.364 0.3315 1.0205 0.286 0.0 0.3315 1.538 1.1391 0.90675 
1.05435 0.8395 1.4406 0.29575 1.82325 1.64775 1.60875 0.60775 0.0 2.2305 0.37375 0.338 1.0335 0.0 0.0 0.338 1.3403 1.1057 0.6045 
1.06985 0.8322 1.4194 0.0 1.55675 1.65425 1.6055 0.30225 0.0 2.02705 0.38025 0.33475 0.70525 0.3315 0.21805 0.624 1.3411 1.1285 0.63375 
1.3696 0.5145 1.4284 0.0 1.82 1.64125 1.60875 0.30875 0.0 1.9814 0.37375 0.312 0.715 0.299 0.2401 0.63375 1.3264 1.15055 0.60775 
1.3444 0.0 1.91525 0.0 2.23275 1.25125 1.60225 0.3055 0.0 1.9498 0.7345 0.312 0.34125 0.30225 0.23765 0.62725 0.95345 1.47465 0.60775 
1.591 0.0 1.6841 0.34775 2.184 1.19925 1.2415 0.2925 0.0 1.9147 0.7605 0.3445 0.0 0.30225 0.23765 0.65975 0.6497 1.11555 0.59475 
1.8883 0.0 1.38115 1.03025 2.249 0.94575 1.64125 0.0 0.0 1.5688 0.377 0.65325 0.0 0.69875 0.21805 0.9425 0.2548 1.1041 0.702 
1.8882 0.0 1.4178 1.03675 2.184 0.936 1.6315 0.0 0.0 1.51015 0.3835 0.62725 0.0 0.66625 0.2401 0.94575 0.2352 1.101 0.6695 
1.5852 0.0 1.08785 1.03675 2.2295 1.2545 1.9435 0.31525 0.0 1.5517 0.38025 0.6175 0.0 0.6825 0.2352 0.9295 0.47285 0.86325 0.99775 
1.5779 0.0 1.0732 1.04325 2.25875 1.261 1.924 0.30875 0.0 1.57615 0.377 0.299 0.0 0.97175 0.23765 0.61425 0.44835 0.8779 1.2805 
1.58685 0.0 1.0748 1.339 2.30425 1.001 2.262 0.3055 0.0 1.62345 0.364 0.598 0.3185 0.94575 0.2254 0.299 0.42875 0.88845 1.25125 
1.55995 0.0 1.07975 1.326 2.2035 0.9685 2.25225 0.3185 0.0 1.5484 0.36075 0.6175 0.30225 0.988 0.2352 0.3055 0.46795 0.8771 1.3065 
1.81635 0.28175 0.56195 1.34225 1.53725 1.33575 2.275 0.32825 0.37375 1.24125 0.0 0.60775 0.68575 1.00425 0.2303 0.676 0.48755 0.5724 1.3325 
1.2961 0.7987 0.57825 0.9815 1.57625 1.01725 2.58375 0.3055 0.715 1.616 0.0 0.6435 1.36175 0.962 0.2401 1.04 0.79365 0.55775 1.2675 
1.28145 0.8036 0.56605 0.68575 1.586 1.3455 2.5935 0.611 0.71175 1.62985 0.0 0.30875 1.3715 0.9555 0.23275 0.71175 0.7879 0.5659 1.5665 
1.29455 0.7987 0.54485 0.6955 1.5925 1.313 2.6 0.60775 0.702 1.64605 0.0 0.299 1.378 0.97175 0.2254 0.70525 0.8083 0.5903 1.5795 
1.5879 1.07165 0.553 0.69225 1.58275 0.96525 2.29775 0.3055 0.6955 1.84375 0.0 0.30225 1.365 1.001 0.22785 0.69875 0.59355 0.5838 1.3065 
1.65865 1.11555 0.56025 0.67925 1.27075 0.67275 1.9955 0.58825 1.001 1.8429 0.0 0.6045 1.352 1.31625 0.2401 0.71825 0.5879 0.5886 1.3325 
1.61635 1.0944 0.5489 0.3835 1.274 0.975 1.69975 0.572 0.97825 1.82985 0.0 0.27625 1.0465 1.313 0.0 0.70525 0.83205 0.59355 1.3325 
1.59685 1.09445 0.53915 0.364 1.25125 0.98475 1.69975 0.60125 0.9945 1.81595 0.0 0.28275 1.06275 1.274 0.0 0.71175 0.8508 0.6009 1.30975 
1.6237 1.1034 0.54235 0.37375 1.67375 0.62075 1.664 0.6305 0.65325 1.88935 0.0 0.32175 0.68575 1.3065 0.0 0.3315 0.80995 0.60165 1.3 
1.898 0.5954 0.8118 0.38025 1.6575 0.97825 1.703 0.5915 0.286 1.49845 0.0 0.28925 0.325 1.313 0.0 0.0 0.8052 0.8998 1.32925 
1.64495 0.82815 0.7923 0.0 1.66075 1.053 1.0205 0.2795 0.58825 1.4984 0.0 0.96525 0.3315 1.25125 0.0 0.377 0.8068 0.9283 0.97175 
1.3877 1.05685 0.8184 0.0 1.25775 1.0075 1.01725 0.28275 0.58825 1.11965 0.338 0.9685 0.3445 1.209 0.0 0.38025 0.8492 0.5846 0.923 
1.7054 0.7497 1.43265 0.0 0.99125 1.053 0.99775 0.30225 0.598 0.9408 0.6565 0.98475 0.33475 1.23175 0.0 0.38675 0.7978 0.788 0.9295 
1.6907 0.77175 1.43345 0.0 0.99125 1.0335 0.99125 0.312 0.30875 0.6958 0.64675 1.30325 0.34125 0.936 0.0 0.9945 1.03705 0.81655 0.624 
1.67765 0.77175 1.43755 0.31525 1.29675 1.014 0.9555 0.65975 0.325 0.92855 0.63375 1.3 0.3315 0.97175 0.0 0.975 0.79455 0.79945 0.9425 
1.39335 0.77175 1.12385 0.28925 0.99775 1.06275 0.95875 0.62725 0.30875 0.9212 0.93925 1.3 0.325 0.975 0.0 0.99125 0.78805 0.7954 0.923 
1.4064 0.47775 1.4113 0.3185 1.001 1.0465 0.98475 0.63375 0.29575 1.31615 0.962 1.30325 0.32825 0.91325 0.0 1.0075 0.79375 1.17155 0.91325 
1.6563 0.49 1.1516 0.312 0.988 1.36825 0.63375 0.97825 0.3055 1.3056 0.9685 1.3 0.0 1.2805 0.0 0.9945 0.4655 0.82785 0.92625 
1.88415 0.23765 1.17365 0.62075 0.988 1.365 1.3065 1.3715 0.0 1.29905 0.92625 0.6175 0.0 1.29025 0.0 0.6175 0.4655 0.84335 1.3065 
2.1414 0.0 1.1565 0.60125 0.9945 1.729 1.2935 1.39425 0.0 1.3015 0.61425 0.62075 0.338 1.30975 0.0 0.62075 0.80595 1.18215 1.3065 
1.51165 0.0 0.5488 1.24475 0.99125 1.68675 1.92725 1.3455 0.0 1.0614 0.29575 0.6175 0.64675 1.60225 0.0 0.6175 1.25925 0.94375 1.60225 
1.4994 0.0 0.5635 1.23175 1.001 1.69 2.249 1.03025 0.0 1.07685 0.299 0.299 0.9685 1.2675 0.0 0.299 1.25275 0.9478 1.59575 
1.51165 0.0 0.5488 1.21225 0.67925 1.40725 2.56425 1.36175 0.0 0.8441 0.31525 0.6565 0.92625 0.97175 0.24255 0.33475 1.269 0.94935 1.6185 
1.5092 0.0 0.55125 1.23825 0.6825 1.3845 2.574 1.33575 0.0 0.8376 0.3055 0.663 0.9035 0.975 0.2352 0.351 1.26415 0.94045 1.61525 
1.2838 0.5145 0.26215 1.23825 0.64025 1.76475 2.55775 1.34225 0.364 0.45815 0.286 0.624 1.30325 0.94575 0.22295 0.69225 1.26575 0.5871 1.6055 
1.02655 0.76685 0.26705 1.222 0.97175 1.092 2.912 1.01075 0.71825 0.7978 0.30225 1.287 1.352 0.585 0.5675 0.66625 1.2625 0.56915 1.59575 
1.02655 0.77175 0.26215 1.599 0.95225 0.71175 2.925 0.62075 0.7215 0.80185 0.312 1.6575 1.66075 0.3185 0.5838 1.027 1.2682 0.5675 0.93925 
1.01675 0.76685 0.2793 1.6055 1.27075 0.3835 2.92175 0.62075 0.73775 0.78475 0.60775 1.6445 1.35525 0.3055 0.5667 1.027 0.931 0.245 0.92625 
1.64895 1.0837 0.5628 1.014 1.313 0.38025 2.275 0.6175 0.7345 1.0412 0.624 1.62175 1.03675 0.0 0.54875 1.027 0.4655 0.4655 0.62075 
1.6555 1.06905 0.5644 0.988 1.30325 0.377 2.301 0.6175 1.04325 1.24295 0.637 1.3 1.066 0.312 0.79215 1.29675 0.0 0.46795 0.9295 
1.6416 1.07725 0.5717 0.6825 0.9945 0.36725 2.2945 0.312 1.027 1.0444 0.64675 1.29025 1.0725 0.299 0.80185 1.2805 0.2303 0.46795 0.611 
1.63915 1.07885 0.57745 0.68575 0.98475 0.36725 2.30425 0.31525 1.05625 1.05015 0.6175 1.30975 1.08225 0.27625 0.78065 1.29675 0.2303 0.47285 0.5915 
1.8768 0.566 0.85265 0.68575 0.67925 0.37375 2.28475 0.29575 0.67925 1.0591 0.6435 1.28375 1.09525 0.28275 0.77735 0.92625 0.622 0.84495 0.5785 
1.86945 0.5912 0.8348 0.6825 0.32825 0.71175 2.301 0.31525 0.663 0.7154 0.62725 0.6305 1.40725 0.30225 0.4655 1.28375 0.60405 0.82945 0.6175 
1.32965 1.0952 0.86735 0.0 0.62725 1.01075 1.6055 0.30875 1.0465 0.69335 0.624 0.689 1.0465 0.99125 0.46305 0.975 0.613 0.85065 1.3 
1.35005 1.09275 0.8551 0.0 0.65 1.01725 1.61525 0.31525 1.0725 1.0607 0.30225 0.69875 1.07575 0.9685 0.4508 0.97175 0.6146 1.2049 1.28375 
1.0682 0.7791 0.85015 0.299 0.663 1.014 1.898 0.299 1.3715 1.0713 0.3055 0.9685 1.07575 0.949 0.4263 0.9685 0.6163 1.20005 1.248 
1.67195 1.07645 1.1337 0.32175 0.64675 1.62825 1.937 0.312 1.05625 1.0468 0.29575 1.027 0.71175 0.68575 0.2352 0.34125 0.6008 1.41975 0.99775 
1.66705 1.09355 1.11985 0.63375 0.96525 1.612 1.93375 0.0 1.06275 1.30075 0.3055 0.71175 1.027 0.68575 0.0 0.351 0.6 1.4132 0.68575 
1.9896 1.0545 1.4888 0.624 1.287 1.64775 1.924 0.0 1.014 1.2616 0.0 0.6695 1.04 0.6825 0.0 0.3445 0.5967 1.4459 0.68575 
2.03865 1.0456 1.4218 0.611 1.287 1.56325 1.911 0.0 1.027 1.2566 0.0 0.676 0.95225 0.6825 0.0 0.351 0.53665 1.40125 0.6825 
2.01905 0.81025 1.68165 0.60775 1.248 1.547 1.911 0.0 0.689 1.25505 0.0 0.689 0.9685 0.6825 0.0 0.0 0.9039 1.74 0.68575 
2.5084 0.32175 1.61825 1.01075 0.9425 1.55675 2.31075 0.0 0.33475 1.291 0.0 0.33475 0.9555 0.68575 0.0 0.0 0.8966 1.68535 0.68575 
2.55465 0.28275 1.72555 1.01075 0.97175 1.56325 2.31075 0.0 0.299 1.26 0.0 0.299 0.97825 0.68575 0.0 0.0 0.8884 1.72455 0.68575 
2.50335 0.273 1.7232 0.9945 0.93275 1.5795 2.29125 0.0 0.0 0.98735 0.0 0.0 0.97825 0.99125 0.0 0.0 1.1236 1.71485 0.99125 
1.91115 0.0 1.3648 0.96525 1.248 1.28375 2.2685 0.0 0.0 1.024 0.0 0.0 1.23175 0.97825 0.0 0.0 1.34575 1.49345 0.97825 
1.9095 0.0 1.37375 0.663 0.91975 1.2545 1.963 0.0 0.312 1.00855 0.0 0.312 0.975 1.29675 0.0 0.0 1.3564 1.456 1.29675 
