43.5258 25.5132 7.41 23.595 24.024 3.666 15.912 0.0 19.5 17.8056 0.0 7.722 11.856 0.0 9.9354 7.449 2.793 8.19 0.0 
3.36105 2.35155 0.61425 1.9695 1.95975 0.6565 1.3455 0.0 1.64775 1.82825 0.0 0.63375 1.36825 0.0 0.84505 0.6045 0.6 0.6825 0.0 
3.1485 2.3995 0.87475 1.5795 2.25875 1.04325 1.64775 0.0 1.64125 1.84695 0.34125 0.6435 1.365 0.0 0.8304 0.61425 0.60245 0.68575 0.0 
2.844 2.3735 1.15895 0.93275 2.288 1.3455 1.313 0.31525 1.98575 2.24355 0.351 0.3315 0.99775 0.0 0.80425 0.702 0.6326 1.053 0.31525 
2.3238 2.61035 1.4358 0.93275 1.60225 1.3455 1.313 0.31525 1.625 2.2265 0.351 0.3315 0.9945 0.0 0.4704 0.67275 0.61055 0.68575 0.31525 
1.68915 2.0002 1.4456 0.93275 1.60225 1.95325 1.599 0.60125 1.04975 2.2337 0.3575 0.325 0.99775 0.31525 0.25725 0.3835 0.84575 0.71175 0.9165 
1.11315 1.3941 1.43415 0.299 1.60225 1.97925 2.22625 0.624 0.7085 2.01975 0.35425 0.3315 0.99775 0.91975 0.2058 0.65 1.10465 0.71175 1.547 
0.77595 1.0984 1.42355 0.0 1.2935 1.62825 1.88825 0.58825 1.03025 1.7951 0.34125 0.3445 0.3705 0.94575 0.46795 1.30975 1.0761 0.73125 1.53725 
0.4802 0.75705 0.8232 0.0 1.00425 1.6445 1.90775 0.60775 1.31625 1.28655 0.663 0.3315 0.364 0.936 0.46795 1.6055 1.29255 0.9307 1.54375 
0.7203 0.2597 1.08045 0.0 1.0595 1.26425 1.91425 0.611 1.32925 1.32555 0.64675 0.34125 0.0 0.92625 0.4508 1.586 0.9457 1.3329 1.5405 
0.9898 0.2401 0.83055 0.0 0.377 1.625 1.6055 0.97825 0.98475 1.29715 0.30875 0.0 0.0 1.261 0.4361 1.56325 0.9604 1.2955 1.56325 
1.2495 0.245 0.56105 0.30225 0.38675 1.677 1.95975 1.0075 0.60775 0.94695 0.29575 0.30225 0.0 1.25775 0.45325 1.51125 0.93345 0.9543 1.6185 
1.5043 0.0 0.5488 0.299 0.715 1.6835 1.937 0.99775 0.60775 0.6179 0.62725 0.299 0.0 1.27725 0.4655 1.52425 0.9114 0.6228 1.6185 
1.84405 0.31525 0.5292 0.60775 0.702 1.0595 1.95 0.71175 0.611 0.8238 0.6565 0.3055 0.0 1.25125 0.4508 1.5145 0.7154 0.5943 1.2935 
1.8 0.3055 0.55615 0.611 0.95875 1.32275 1.67375 0.98475 0.95875 1.29495 0.624 0.30225 0.34775 0.9165 0.2352 1.573 0.46305 0.60895 0.68575 
1.8131 0.299 0.53655 0.6175 1.313 1.66725 1.67375 0.99775 0.61425 1.29825 0.624 0.62075 0.32825 0.93925 0.0 1.235 0.67865 0.61715 0.69875 
1.79845 0.2925 0.55125 0.6435 1.3325 1.68025 1.6575 1.0205 0.29575 1.5228 0.63375 0.624 0.299 0.98475 0.0 0.923 0.4802 0.60895 0.6955 
1.813 0.3185 0.5635 0.611 1.28375 1.63475 1.67375 0.9815 0.33475 1.55295 0.6305 0.611 0.33475 0.91325 0.0 0.94575 0.46795 0.61705 0.67275 
1.81225 0.3055 0.5439 0.9295 1.31625 1.33575 1.677 0.67275 0.32825 1.5293 0.637 0.60125 0.32825 0.60125 0.0 0.9295 0.4704 0.62525 0.6955 
1.7976 0.29575 0.54635 1.0205 1.3065 1.261 1.68025 0.58825 0.338 1.5334 0.624 0.6955 0.338 0.59475 0.0 1.0335 0.45815 0.61955 0.6305 
1.81715 0.3055 0.539 1.0335 1.313 1.25125 1.6315 0.611 0.30225 1.84455 0.299 0.68575 0.30225 0.62725 0.0 0.988 0.47285 0.9356 0.60775 
1.50675 0.0 0.54635 0.715 1.29675 1.8655 1.34875 0.59475 0.3185 1.62405 0.30875 1.001 0.624 0.299 0.2303 1.62825 0.4704 0.9258 0.29575 
1.51655 0.0 0.54145 0.70525 1.00425 1.573 1.3715 0.58825 0.273 1.36185 0.299 0.97175 0.30875 0.3445 0.4949 1.90125 0.4704 0.94535 0.936 
1.49205 0.0 0.5684 0.702 0.702 1.28375 1.37475 0.5915 0.2795 1.143 0.3055 0.67925 0.30875 0.338 0.70805 1.898 0.4802 0.93965 0.93275 
1.8082 0.3185 1.16385 0.7085 1.00425 1.274 1.35525 0.60125 0.62075 1.1585 0.0 0.6695 0.3315 0.31525 0.7252 2.25225 0.686 0.70525 0.9165 
1.80655 0.31525 1.1663 0.69875 1.01725 1.2805 1.34875 0.611 0.62075 1.17315 0.0 0.689 0.30875 0.312 0.7007 2.2425 0.7056 0.715 0.92625 
1.5681 0.57005 1.1508 0.39 1.00425 1.25775 1.703 0.572 0.93275 1.14135 0.0 1.0335 0.312 0.33475 0.7252 2.2555 0.69335 0.70525 0.91 
1.04295 0.5611 1.67755 0.0 0.98475 0.96525 1.03025 0.26975 1.28375 1.4891 0.0 0.65325 0.299 0.34775 1.02495 2.52525 0.71295 1.365 0.6175 
1.04545 0.5741 1.6661 0.0 1.0075 0.962 0.9945 0.30225 1.339 1.53955 0.0 0.62725 0.325 0.31525 1.0201 2.55125 0.69335 1.39425 0.6175 
1.03235 0.57005 1.6906 0.325 0.99775 0.637 1.6055 0.6045 1.32275 1.51605 0.0 0.338 0.0 0.6305 0.79295 1.93375 0.931 1.38125 1.23825 
1.0397 0.557 1.6898 0.30875 1.0205 0.66625 1.58275 0.6435 1.35525 1.5779 0.0 0.325 0.0 0.5915 0.75305 1.9305 0.931 1.3975 1.23825 
1.05275 0.55375 1.67755 0.299 1.32275 0.97175 1.56325 0.65975 1.365 1.8131 0.0 0.62725 0.0 0.56875 0.50235 1.911 0.93835 1.39425 1.23175 
0.7595 0.57085 1.3622 0.312 1.00425 0.9555 1.586 0.62725 1.03675 1.79685 0.0 0.64025 0.0 0.60125 0.52355 1.60225 0.69825 1.6107 1.2285 
0.77665 0.81095 1.1074 0.32825 0.9295 0.92625 1.612 0.585 1.02375 1.39455 0.0 0.64675 0.0 0.6435 0.54315 1.60225 0.7007 1.2272 1.2285 
0.5292 0.78165 1.328 0.30225 0.96525 0.63375 0.89375 1.32275 0.715 1.7668 0.0 0.32175 0.0 0.58175 0.50645 1.60875 1.3628 1.5994 1.90775 
0.52675 0.79465 1.35815 0.30875 0.94575 0.62075 0.884 1.339 0.71825 1.75875 0.0 0.312 0.0 0.5785 0.20335 1.3 1.69355 1.59205 1.92075 
0.28665 1.04855 1.3793 0.31525 0.598 0.598 0.90675 1.313 1.0205 1.41985 0.0 0.29575 0.0 0.6045 0.21805 1.6055 2.0243 1.57085 1.9175 
0.2891 1.03555 1.3516 0.32825 0.60125 0.5915 0.65 0.975 1.01725 1.3994 0.0 0.3055 0.0 0.93925 0.24255 1.6445 2.0137 1.59935 1.91425 
0.28175 1.03725 1.3386 0.29575 0.6305 0.6435 0.29575 1.3 0.9815 1.388 0.0 0.6565 0.0 0.95225 0.0 1.638 2.27005 1.59695 1.58275 
0.2744 1.07145 1.35565 0.30875 0.62725 0.61425 0.30875 1.3 1.00425 1.42215 0.0 0.32825 0.0 1.2545 0.0 1.3325 2.26195 1.58145 1.898 
0.2793 1.0226 1.3362 0.32175 0.6045 0.585 0.32175 1.29675 0.988 1.36505 0.0 0.338 0.0 1.248 0.0 1.32925 2.2718 1.60675 1.86875 
0.2793 1.0446 1.3386 0.31525 0.624 0.61425 0.31525 1.30325 1.0205 1.41165 0.0 0.299 0.0 1.2285 0.0 1.3195 2.2602 1.6051 1.93375 
0.54145 0.76935 1.36715 0.30875 0.611 0.9555 0.30875 1.3 0.9815 1.06385 0.0 0.32175 0.0 1.586 0.0 1.30325 1.92065 1.588 1.58275 
0.74725 1.06585 0.83065 0.6955 1.00425 1.2415 0.60775 1.976 0.6045 0.6713 0.0 0.3445 0.0 1.599 0.0 0.949 1.63635 0.92585 2.2425 
1.01185 0.8143 0.8339 0.68575 1.29675 1.22525 0.6175 1.97925 0.28275 0.9881 0.0 0.33475 0.0 1.5665 0.0 0.6175 1.322 0.9234 2.22625 
1.01185 0.83145 0.8192 0.38675 1.638 1.287 0.29575 1.98575 0.30225 1.2445 0.0 0.3185 0.0 1.30975 0.0 0.62075 1.0648 0.92015 1.98575 
0.99225 0.82085 0.838 0.37375 1.62825 1.2545 0.30875 1.9825 0.30875 1.2446 0.0 0.0 0.0 0.94575 0.2352 0.62075 0.81405 0.9096 2.2685 
1.0192 0.8184 0.81105 0.38025 1.33575 0.95225 0.30225 1.976 0.2795 1.00845 0.0 0.0 0.0 0.65 0.49 0.9295 0.8043 0.9234 1.95325 
1.01675 0.4998 0.5341 0.36075 1.2935 0.9555 0.3185 1.976 0.26975 0.989 0.30875 0.0 0.0 0.63375 0.4851 0.91325 0.81 0.8925 1.937 
0.94325 0.28175 0.8281 0.37375 1.37475 0.95875 0.30875 1.976 0.3055 1.37895 0.28925 0.0 0.0 0.65 0.46795 0.92625 0.8328 1.32075 1.9825 
0.9457 0.29155 0.8134 0.38675 1.40075 0.93275 0.6175 1.65425 0.30875 1.4108 0.312 0.0 0.0 0.31525 0.46795 0.9295 0.8271 1.3028 1.97275 
1.03635 0.0 1.0143 0.0 1.3845 0.64675 0.338 0.962 0.28275 1.74785 0.299 0.0 0.0 0.30875 0.49 0.93275 1.4876 1.59535 1.27075 
1.04615 0.0 1.00695 0.0 1.42025 0.6435 0.338 0.962 0.26975 1.7763 0.30875 0.0 0.0 0.3055 0.49 0.91975 1.4974 1.61725 1.2675 
1.0388 0.0 1.0192 0.0 1.4235 0.63375 0.63375 1.261 0.29575 1.791 0.29575 0.0 0.0 0.0 0.4753 0.92625 1.49165 1.6043 1.26425 
1.0241 0.0 1.03145 0.0 1.71275 0.91975 1.23825 0.64025 0.0 1.78375 0.299 0.3185 0.0 0.0 0.2303 0.624 1.72685 1.6376 0.64025 
1.3532 0.0 1.3434 0.0 1.7485 1.29675 1.55675 0.95875 0.0 1.8326 0.31525 0.58175 0.32175 0.0 0.22295 0.286 1.4843 1.8679 0.95875 
1.6391 0.30225 1.97075 0.0 2.08325 1.2935 1.5535 0.975 0.3055 1.8473 0.0 0.572 0.312 0.0 0.2303 0.572 1.70965 1.6262 0.97825 
1.42105 0.5212 1.94225 0.0 2.37575 1.26425 1.5795 0.97175 0.286 1.45325 0.3705 0.61425 0.29575 0.0 0.24255 0.57525 1.695 1.23695 0.975 
1.4309 0.53745 1.9267 0.34125 2.35625 0.88725 1.5535 0.59475 0.30225 1.44335 0.36725 0.6305 0.64675 0.0 0.2352 0.624 1.70975 1.2183 0.598 
1.13605 0.5529 2.24265 0.32825 1.9565 0.9815 1.58925 0.61425 0.31525 1.04925 0.36725 0.5785 0.67925 0.0 0.5195 0.90025 1.43355 1.63275 0.61425 
1.1393 0.53095 2.23375 0.34125 1.98575 0.9425 1.573 0.6175 0.29575 1.06565 0.3705 0.598 0.65 0.0 0.55045 0.897 1.3806 1.5953 0.6175 
1.10505 0.5171 2.24935 0.624 1.66075 0.9555 1.586 0.325 0.2925 0.81505 0.3835 1.222 0.6435 0.0 0.56025 1.508 1.6174 1.56925 0.325 
1.11155 0.5301 2.2558 0.6175 1.3195 0.62725 1.5795 0.3055 0.30225 0.5659 0.377 1.2155 0.99125 0.0 0.52605 1.51125 1.90065 1.601 0.3055 
0.80285 0.5415 1.9299 0.94575 1.62825 0.30875 1.58275 0.0 0.30875 0.79945 0.3705 0.93925 0.95225 0.0 0.3055 1.55675 2.11145 1.36175 0.0 
0.5145 0.23765 1.30585 0.97175 1.352 0.30875 1.59575 0.0 0.0 0.8149 0.66625 0.95875 0.94575 0.0 0.29575 1.2545 1.8852 1.61485 0.0 
0.7301 0.2744 1.0486 0.91975 0.96525 0.30875 1.55675 0.0 0.0 0.75705 0.29575 0.949 0.91975 0.0 0.3055 1.2545 1.90645 1.5921 0.0 
1.00205 0.28175 0.77175 0.598 1.03025 1.014 1.55675 0.34125 0.0 0.8043 0.299 0.93275 0.962 0.0 0.30225 1.235 1.54155 1.2671 0.34125 
1.2544 0.2842 0.51695 0.988 1.01075 0.98475 1.95 0.33475 0.32175 1.1033 0.299 0.9295 0.95875 0.36075 0.0 1.25125 1.1613 0.88035 0.6955 
1.01675 0.539 0.4949 0.9945 0.702 0.99775 1.97275 0.32175 0.3055 0.771 0.6305 0.962 0.9165 0.37375 0.0 1.2675 1.16375 0.5464 0.6955 
1.03145 0.5341 0.4802 0.68575 0.988 0.9815 1.9565 0.6305 0.2925 0.9883 0.6435 0.3445 0.90025 0.38675 0.0 0.637 0.93345 0.52525 1.01725 
1.0339 0.5341 0.48265 0.689 0.9685 1.0075 1.677 0.96525 0.3055 0.98415 0.64025 0.6175 0.65 0.67925 0.0 0.923 0.9408 0.55375 1.03675 
1.0339 0.51695 0.50715 0.377 0.97825 1.30975 1.34875 0.96525 0.61425 1.22915 0.624 0.92625 0.34125 0.68575 0.0 1.54375 0.7056 0.53825 1.03675 
1.3565 0.5341 0.7979 0.38675 1.3 1.29675 1.37475 0.93275 0.60775 1.23165 0.338 0.923 0.338 0.6695 0.0 1.53075 0.69825 0.5236 1.03675 
1.3753 0.48265 0.81915 0.36075 1.2545 1.3 1.3585 0.90675 0.62075 1.25685 0.32825 0.93275 0.33475 0.6305 0.0 1.55675 0.6958 0.5545 1.001 
0.8926 0.98245 0.82155 0.7085 1.92075 0.9815 1.37475 0.60775 0.6045 1.23815 0.32175 0.9295 0.0 0.67275 0.0 1.53725 0.70315 0.5252 0.6955 
1.1278 0.98735 0.5839 0.62725 1.898 1.38125 1.66725 1.02375 0.30225 0.92365 0.33475 0.93275 0.0 0.624 0.0 1.235 0.7154 0.22295 1.014 
1.10175 0.9996 0.56765 0.65 1.911 1.31625 1.6705 0.94575 0.65325 0.9359 0.0 0.9165 0.0 0.59475 0.0 1.56975 1.02565 0.56995 0.98475 
1.10335 0.99715 0.57415 0.9425 1.6055 1.339 1.989 0.96525 0.64675 0.7007 0.0 1.2285 0.0 0.5655 0.0 1.8785 1.26575 0.56505 0.99125 
1.1098 0.99715 0.5904 0.94575 1.6445 1.34225 1.963 0.95875 0.62075 0.71295 0.0 0.96525 0.0 0.299 0.0 1.586 1.24945 0.5414 1.25775 
1.11395 0.99715 0.5774 0.97825 1.612 1.313 1.9435 0.9815 0.33475 0.4704 0.0 0.624 0.0 0.624 0.0 0.95875 1.50095 0.56505 1.60225 
