43.281 26.1768 7.41 23.361 23.556 3.9 15.639 0.0 19.539 17.7276 0.0 7.605 11.934 0.0 9.9546 7.488 2.8812 8.19 0.0 
3.62225 2.13345 0.6175 1.9695 1.9955 0.30875 1.313 0.0 1.58275 1.50665 0.0 0.624 0.99775 0.0 0.78795 0.6305 0.24745 0.6825 0.0 
3.0874 2.60725 0.61425 1.60875 1.6705 0.29575 0.9945 0.676 1.62175 1.812 0.0 0.29575 0.99775 0.0 0.8288 0.93275 0.5634 0.676 0.676 
2.8726 2.65195 0.8535 1.30325 1.65425 0.3055 0.68575 0.6825 1.94675 2.133 0.0 0.0 0.6175 0.37375 0.83525 0.95875 0.5854 0.9945 1.05625 
2.3719 2.93525 1.10015 1.28375 0.9555 0.325 0.6695 0.6825 1.5925 2.13865 0.0 0.0 0.6175 0.38025 0.47775 0.962 0.5903 0.64675 1.066 
1.7153 2.2975 1.0969 1.29025 0.988 0.9165 0.9815 0.98475 0.9555 2.18425 0.0 0.0 0.6175 0.67275 0.46305 0.96525 0.5748 0.676 1.6575 
1.12385 1.6849 1.09035 0.68575 1.001 0.923 0.99775 1.612 0.6305 1.9515 0.0 0.299 0.936 1.3 0.2303 1.235 1.0582 0.663 1.677 
0.8135 1.70765 1.4113 0.3835 0.6825 0.6175 0.99125 1.911 0.949 1.4787 0.0 0.5785 0.34125 1.313 0.4655 1.5405 1.0533 0.89335 1.99225 
0.82735 1.3411 1.088 0.37375 0.6695 0.6175 1.0075 1.937 0.93275 1.2378 0.0 0.6045 0.338 1.3 0.47775 1.52425 1.0525 1.1114 2.002 
0.8674 1.3361 1.0814 0.3835 0.611 0.6175 0.975 1.89475 0.95875 1.22965 0.0 0.60775 0.31525 1.3325 0.4802 1.5925 1.0248 1.1383 1.9955 
1.3876 0.8004 1.08795 0.728 0.61425 0.9555 1.34225 1.23825 0.60775 0.88355 0.0 0.6175 0.312 1.30975 0.4704 1.22525 0.69825 1.1212 1.31625 
1.6122 0.8077 0.86905 0.6695 0.6045 1.313 1.25125 1.22525 0.31525 0.57315 0.0 0.5785 0.338 1.60875 0.45815 0.90675 0.69825 0.82795 1.599 
1.61625 0.76615 0.88055 0.65975 0.61425 1.32275 1.27725 1.2545 0.29575 0.54555 0.0 0.5915 0.34775 1.60225 0.4704 0.86775 0.70315 0.7734 1.62175 
1.6171 0.78405 0.8748 0.65325 0.923 1.01075 1.235 1.222 0.30875 0.7962 0.0 0.60775 0.3185 1.3 0.23275 0.60775 0.68845 0.80355 1.29025 
1.6179 0.78975 0.8813 0.66625 0.93275 0.9945 1.235 1.21225 0.312 0.8011 0.0 0.60775 0.312 1.30325 0.4655 0.9295 0.4508 0.80435 1.28375 
1.61055 0.4949 0.5595 0.637 0.923 1.04 1.24475 1.22525 0.3185 1.04275 0.0 0.63375 0.28275 1.30325 0.43855 0.936 0.48755 0.58215 1.29675 
1.6146 0.7914 0.8919 0.6565 0.93275 1.02375 1.274 1.248 0.30225 1.24295 0.0 0.663 0.273 1.30325 0.4459 0.91975 0.4949 0.32175 1.313 
1.5835 0.553 1.1565 0.6435 1.001 1.0335 1.2675 1.2415 0.3055 1.26735 0.37375 0.637 0.2925 1.3 0.4557 0.923 0.48265 0.34125 1.3065 
1.32625 0.5383 1.4309 0.325 1.03025 0.9815 1.6055 1.2155 0.299 1.26255 0.37375 0.9555 0.32175 1.30325 0.82715 0.9165 0.4361 0.66625 1.287 
1.0495 0.5627 1.68325 0.37375 0.98475 0.64025 1.67375 1.235 0.3185 1.25925 0.38675 1.36825 0.28275 0.6175 0.7993 1.30975 0.8012 0.99775 0.6175 
1.07315 0.82325 1.3966 0.38675 0.9945 0.637 1.68675 1.235 0.312 1.2812 0.71825 1.3975 0.26975 0.6175 0.79115 1.31625 0.7931 1.001 0.6175 
1.11465 0.79645 1.38435 0.37375 0.99125 0.65975 1.378 0.93925 0.29575 1.2502 0.70525 1.37475 0.286 0.9425 1.05335 1.612 0.55865 1.001 0.65 
1.4039 1.1385 1.38355 0.38025 0.97825 0.9815 1.68675 0.6045 0.30875 1.51715 0.69875 1.32925 0.0 0.62075 0.81655 1.30975 0.52765 1.00425 0.6305 
1.3698 1.11575 1.38435 0.38025 0.97825 0.93275 1.64775 0.6305 0.32175 1.5009 0.70525 1.365 0.0 0.6435 0.8059 1.34875 0.5546 0.9945 0.60775 
1.33965 0.8005 1.0708 0.36725 0.962 0.93275 1.638 0.6305 0.3185 1.25585 0.69875 1.34875 0.0 0.6435 0.8116 1.32925 0.5684 1.26875 0.611 
1.33555 0.79725 1.0871 0.37375 0.9815 0.93275 1.67375 0.65975 0.28925 1.24845 0.702 1.38775 0.0 0.65 0.83935 1.30975 0.5619 1.2728 0.6435 
1.39665 0.82325 1.05605 0.3835 0.97825 0.988 1.31625 0.97175 0.31525 1.26895 0.71825 0.99775 0.32175 0.988 0.46795 1.32925 0.8592 1.21185 0.62075 
1.61145 0.81595 0.8445 0.0 0.99775 1.638 1.248 1.2805 0.312 1.2836 0.7085 0.99775 0.33475 0.975 0.4606 1.30975 0.57485 0.92745 0.91975 
1.57735 0.53025 1.0863 0.0 0.95875 1.60875 1.2285 1.2935 0.312 0.8918 0.70525 1.027 0.3445 1.001 0.46795 1.34875 0.6042 0.5895 0.92625 
1.605 0.52695 1.10745 0.0 0.676 1.92725 1.54375 1.612 0.2925 0.66395 0.6955 1.37475 0.338 0.68575 0.24745 1.339 1.06075 0.5732 0.92625 
1.30105 0.2548 1.10015 0.0 0.676 1.638 1.9045 1.29025 0.312 0.4606 0.715 0.95875 0.6435 0.65325 0.22785 0.9685 1.27225 0.58135 1.26425 
1.6261 0.23765 1.4252 0.0 0.6825 1.9695 1.57625 0.9815 0.0 0.2303 0.69225 0.676 0.95225 0.663 0.0 0.676 1.49525 0.80435 0.93925 
1.31165 0.5627 1.4211 0.0 0.38025 1.9565 1.56325 0.9685 0.0 0.23765 0.7085 0.68575 0.9165 0.689 0.0 0.68575 1.5026 0.7872 0.95225 
1.3377 0.851 1.13275 0.0 0.377 1.9825 1.5405 0.96525 0.0 0.2352 0.338 0.69875 0.90675 0.715 0.0 0.702 1.4806 0.79215 0.9555 
1.3247 1.109 0.8902 0.0 0.364 1.95325 1.23825 1.30975 0.338 0.245 0.338 1.014 0.60775 0.99775 0.0 0.676 1.1613 0.4508 0.93925 
1.3263 1.08375 0.90085 0.37375 0.36725 1.586 0.9425 1.38125 0.338 0.2352 0.3185 0.9425 1.001 1.3585 0.0 0.6045 1.16375 0.46795 0.6305 
1.5575 0.8518 0.87315 0.38025 0.7085 1.55675 0.91975 1.365 0.34125 0.57565 0.0 0.95875 0.9685 1.39425 0.0 0.6175 1.17355 0.79125 0.63375 
1.56885 0.85425 0.8943 0.364 1.01725 1.2805 0.6175 1.0465 0.338 0.8019 0.0 0.962 0.9425 1.40075 0.0 0.624 0.9261 0.79455 0.351 
1.56965 0.85585 0.9114 0.377 1.01075 1.28375 0.0 1.68025 0.32825 0.79625 0.0 0.93925 0.69225 1.066 0.24255 0.93275 0.68355 0.78155 0.6175 
1.25685 0.8632 0.5839 0.69875 1.32275 0.99775 0.30225 2.30425 0.32825 1.0281 0.0 1.27075 0.38025 1.066 0.4508 0.936 0.4949 0.56015 1.235 
1.57945 0.5341 0.5774 0.6695 1.64125 0.95875 0.3185 2.288 0.33475 1.04035 0.0 1.26425 0.3705 1.053 0.49245 0.94575 0.4361 0.5626 1.23825 
1.56075 0.25725 0.84045 0.69225 1.61525 0.94575 0.312 2.30425 0.34125 1.39125 0.0 1.25775 0.39 1.0725 0.4949 0.94575 0.441 0.94535 1.235 
1.55265 0.24745 0.83235 0.71175 1.60875 0.975 0.97175 1.6185 0.32825 1.38475 0.0 1.23825 0.3835 0.3835 0.47285 0.95875 0.4557 0.94865 1.23825 
1.55995 0.2548 0.8372 0.6175 1.6055 1.027 1.313 1.23175 0.34125 1.3839 0.0 1.651 0.0 0.0 0.45815 1.29675 0.4802 0.94535 1.235 
1.56065 0.2499 0.8869 0.61425 1.63475 1.0335 1.313 1.23825 0.3315 1.0899 0.31525 1.64125 0.0 0.0 0.49 1.326 0.4508 0.61215 1.2415 
1.5616 0.24745 0.83885 1.2155 1.29675 0.74425 1.9175 1.235 0.32825 0.81965 0.33475 1.638 0.0 0.312 0.4949 1.32925 0.6762 0.622 1.547 
1.5624 0.245 0.8421 1.24475 1.33575 0.7345 1.8915 1.2285 0.65325 1.09485 0.338 1.59575 0.0 0.31525 0.43365 1.59575 0.4655 0.62035 1.54375 
1.5681 0.2548 0.83555 0.91325 1.001 0.73125 1.59575 0.6175 0.96525 1.06795 0.338 1.31625 0.0 0.325 0.4557 2.21 0.4655 0.60735 0.9425 
1.26175 0.2548 0.54635 0.923 0.68575 0.72475 1.60875 0.62075 0.96525 1.06715 0.62725 1.33575 0.0 0.3055 0.4606 2.23925 0.4655 0.59595 0.92625 
1.3132 0.25235 0.4949 0.923 0.6435 0.73125 1.60875 0.6175 0.9945 1.0315 0.63375 1.32275 0.0 0.31525 0.43365 2.223 0.4655 0.54885 0.93275 
1.04615 0.0 1.0143 0.936 0.62725 0.364 1.6185 0.6175 0.9685 1.00295 0.975 1.3455 0.338 0.30225 0.4606 2.236 0.80595 0.87545 0.91975 
1.0486 0.0 1.0143 0.99775 0.63375 0.30225 1.9825 0.91975 0.99125 1.0062 0.99125 1.03675 0.32175 0.32825 0.4557 1.90775 0.7897 0.8698 1.248 
0.8085 0.5145 0.73745 0.99775 0.29575 0.30225 1.9825 0.91975 0.97825 1.33285 1.01725 1.03675 0.3315 0.31525 0.4606 1.9175 0.79945 1.1915 1.235 
0.78645 0.5145 0.7546 0.3705 0.62725 0.62075 1.365 0.9295 0.99775 1.60465 0.99775 1.03025 0.3315 0.0 0.44345 1.91425 0.5675 1.2289 0.9295 
0.79135 0.51205 0.75215 0.3835 0.62725 0.60775 1.9825 0.299 0.6435 1.3287 1.00425 1.391 0.338 0.2665 0.441 1.92725 0.83535 1.2159 0.5655 
0.7938 0.5145 0.7497 0.38675 0.60775 0.62075 1.98575 0.299 0.65 1.3311 0.98475 1.36825 0.34125 0.299 0.45815 1.9435 0.8239 1.2338 0.598 
1.0977 0.833 1.3574 0.36725 0.8905 0.6435 1.976 0.31525 0.663 1.55655 0.702 1.34875 0.325 0.31525 0.4704 1.92725 0.79785 0.9685 0.63375 
1.05925 0.82 1.41375 0.37375 1.001 0.611 1.9825 0.30875 0.65 1.6151 0.7215 1.36175 0.3315 0.28275 0.45325 1.911 0.8117 1.0205 0.5915 
1.0446 1.34425 0.90415 0.3835 0.9945 0.6045 1.3 0.98475 0.663 1.97345 0.35425 1.03675 0.0 0.26975 0.43855 2.2815 0.8207 0.715 1.25125 
0.8013 1.59 0.9017 0.0 1.3455 0.30875 0.61425 0.6825 1.3585 1.9751 0.351 0.637 0.0 0.28925 0.441 2.5805 0.80845 0.7085 0.97175 
0.8282 1.3181 1.1467 0.0 1.33575 0.3315 0.6175 0.6825 1.33575 1.9579 0.0 0.624 0.0 0.325 0.47775 2.59675 0.8084 0.7085 1.0075 
0.8363 1.2896 1.1606 0.0 1.34875 0.325 0.9425 1.0075 1.32925 1.9335 0.0 0.3315 0.0 0.286 0.45815 2.2685 0.82965 0.69225 1.2935 
0.8135 1.31075 1.1565 0.0 1.64125 0.5785 0.91975 0.9815 1.32925 2.2053 0.0 0.0 0.0 0.338 0.23275 1.64125 0.8239 0.715 1.3195 
0.78335 1.3262 1.181 0.0 1.9305 0.8645 0.91 0.97175 1.03025 2.17685 0.0 0.0 0.0 0.6305 0.0 1.03025 1.05505 0.69875 1.60225 
0.5047 0.9947 0.5537 0.0 1.70625 0.9425 0.923 0.98475 1.04 1.98245 0.3055 0.0 0.0 0.611 0.0 1.04 1.00365 0.94695 1.59575 
0.5194 1.27645 0.2597 0.0 1.67375 0.90675 0.923 0.988 1.03675 1.58175 0.30875 0.0 0.0 0.64025 0.0 1.03675 1.03875 0.57075 1.6315 
0.5292 1.0241 0.50715 0.0 1.6575 0.91325 0.92625 0.99125 1.0335 1.2551 0.299 0.0 0.0 0.663 0.0 1.03675 1.042 0.91285 1.66075 
0.23765 1.29115 0.53165 0.0 1.248 0.871 0.923 0.99125 0.65 1.57915 0.29575 0.0 0.0 0.62075 0.377 1.027 1.0738 0.89905 1.612 
0.48755 1.0535 0.5145 0.0 1.66075 0.9035 0.90025 0.96525 0.6435 1.6672 0.299 0.0 0.0 0.62725 0.3835 1.027 1.01665 0.9161 1.59575 
0.7922 1.0584 0.8314 0.3055 1.32925 0.624 0.6175 0.988 0.66625 1.3913 0.299 0.0 0.0 0.624 0.5943 1.33575 0.7978 1.144 1.61525 
1.1139 1.0682 1.16535 0.31525 1.2935 0.93275 0.6175 0.99775 0.6565 1.37575 0.30225 0.0 0.0 0.31525 0.6179 1.352 0.5561 1.37845 1.31625 
1.1326 1.07555 1.16445 0.30225 0.99775 0.6175 0.6175 0.98475 1.27725 1.61905 0.30875 0.6175 0.299 0.3185 0.6081 1.34225 0.325 1.3923 1.30325 
1.0831 1.3834 1.4383 0.32825 1.01075 0.6175 0.6175 1.01075 1.28375 1.8633 0.2925 0.6175 0.31525 0.30225 0.6147 1.36175 0.3315 1.1195 1.31625 
1.13285 1.0756 1.6711 0.31525 0.95225 0.6175 0.6175 0.99125 1.25125 2.19075 0.30875 0.6175 0.30875 0.30875 0.6236 1.33575 0.338 1.43965 1.3065 
1.42505 0.83055 1.71905 0.30875 0.93275 0.962 0.6175 0.99125 0.91325 2.17195 0.299 0.6175 0.312 0.65 0.613 0.988 0.338 1.4731 0.95225 
1.45845 0.8265 1.7141 0.6695 1.5925 1.28375 0.6175 1.352 0.6175 1.7746 0.3055 0.93275 0.30225 0.66625 0.22785 0.6175 0.33475 1.4748 1.3195 
1.16385 1.069 1.69385 0.68575 1.27725 1.27725 0.61425 1.365 0.61425 1.7641 0.2925 0.92625 0.3055 0.65975 0.2401 0.6305 0.32825 1.4145 1.32275 
0.85595 1.08045 1.35985 0.71175 1.30325 1.56325 1.23825 1.35525 0.62075 1.80405 0.299 0.91975 0.3055 0.99775 0.0 0.299 0.79375 1.18415 1.64775 
0.5488 1.0642 1.0446 0.67925 0.98475 0.97175 0.90025 1.69975 0.6175 1.56475 0.31525 1.54375 0.32175 1.287 0.0 0.92625 1.25925 0.962 1.6185 
0.5341 1.08375 1.06415 0.6955 1.3065 1.2545 0.884 1.72575 0.312 1.5883 0.30225 1.22525 0.0 1.62175 0.0 0.91325 1.2698 1.001 1.95975 
