42.4686 25.455 7.332 23.205 23.595 3.588 15.561 0.0 19.032 17.6598 0.0 7.41 11.739 0.0 9.7884 7.293 2.793 7.956 0.0 
3.38545 1.85575 1.132 1.97275 2.3075 0.3055 1.32275 0.0 2.015 1.7795 0.0 0.62075 1.0075 0.0 1.21635 0.611 0.23765 1.3715 0.0 
2.89125 1.86225 1.64895 1.92725 2.3075 0.32175 0.97825 0.34775 1.66075 2.14105 0.0 0.30875 0.99125 0.0 1.1961 0.611 0.57885 2.054 0.351 
2.34425 1.859 2.16345 1.274 2.31725 0.30225 0.31525 0.34125 1.664 2.13305 0.0 0.0 0.6175 0.0 1.5745 0.71175 0.89095 2.7365 0.34125 
2.1138 1.84925 2.42315 1.26425 1.97925 0.312 0.30875 0.34775 1.2935 2.15745 0.0 0.0 0.62075 0.0 1.21135 0.69875 0.88765 2.392 0.34775 
1.4719 1.2415 2.4305 1.885 1.963 0.3055 0.624 0.6565 0.70525 2.12485 0.0 0.6175 0.62075 0.30875 1.2261 0.676 0.899 2.3855 0.34775 
0.8633 0.897 2.7076 1.86875 2.2165 0.663 0.62075 0.6565 0.3835 1.8857 0.0 0.6175 0.9685 0.30225 1.24725 1.03675 0.9039 2.5791 0.3575 
0.8593 0.61425 3.02115 1.56 2.249 0.94575 0.30225 0.676 0.38025 1.6684 0.0 0.9295 0.63375 0.31525 1.2464 1.32275 0.89085 2.8428 0.36075 
1.17045 0.3185 3.05125 1.56975 2.59675 0.91975 0.286 0.6825 0.67925 1.4422 0.0 0.936 0.6045 0.33475 1.46365 1.27725 0.87535 2.8502 0.351 
1.1965 0.2795 3.02195 1.57625 2.2035 1.31625 0.3185 0.64025 0.31525 1.4632 0.0 0.91975 1.01725 0.299 1.0981 1.339 1.25005 2.8485 0.3445 
1.4399 0.52455 2.501 1.235 2.171 2.01825 0.30875 0.9945 0.30875 1.1041 0.0 0.923 1.0335 0.9945 1.1144 1.34875 0.90145 2.1432 0.0 
1.42205 0.54325 2.48715 1.23175 2.20675 2.0085 0.29575 1.0075 0.2795 1.1376 0.0 0.93925 1.001 1.0075 1.0769 1.32275 0.91195 2.1391 0.0 
1.4277 0.5684 2.5498 1.235 1.8785 2.29775 0.2925 1.01075 0.3055 0.7702 0.0 1.248 0.988 1.01075 1.3832 1.2675 0.92495 2.1596 0.0 
1.7617 0.52695 2.8203 0.92625 1.81675 2.3465 0.0 0.9945 0.31525 0.7506 0.0 0.624 1.352 0.9945 1.1985 1.00425 0.9242 2.38575 0.0 
1.76905 0.245 2.5359 0.3055 1.55025 2.02475 0.0 1.612 0.58175 0.99315 0.0 0.97175 1.0075 1.32275 0.9485 1.313 1.15945 2.1848 0.28925 
1.7853 0.2499 2.5497 0.30225 1.2675 1.71925 0.0 1.60875 0.58175 0.77665 0.0 0.676 0.9945 1.32275 1.1682 1.2935 1.1497 2.19785 0.286 
1.43905 0.5538 2.54655 0.299 0.97175 1.6705 0.0 1.60225 0.30875 1.01105 0.0 0.6305 0.97175 1.2935 0.9356 1.31625 1.13985 2.15795 0.30875 
1.43995 0.5603 2.51965 0.312 0.962 1.703 0.0 1.61525 0.30225 1.00535 0.0 0.6565 0.99125 1.31625 0.96565 1.3195 1.14235 2.17335 0.30225 
1.18995 0.29575 3.05125 0.30225 0.63375 1.00425 0.351 1.2545 0.27625 0.98575 0.0 1.02375 0.97825 0.64675 1.2809 1.29675 1.5121 2.8502 0.611 
1.4056 0.3055 2.82095 0.31525 0.9165 1.027 0.351 1.26425 0.2795 0.976 0.3055 1.01075 1.0205 0.65325 0.8908 0.90675 1.88995 2.84535 0.611 
1.17765 0.5538 2.8315 0.28275 0.91 0.69225 0.36075 1.222 0.30225 1.3271 0.30225 0.67275 0.97175 0.59475 0.59595 0.9295 1.84585 2.87545 0.6305 
0.8584 0.8609 2.80465 0.30875 1.248 0.6825 0.34775 1.261 0.3055 1.33605 0.31525 0.9685 0.6825 0.62075 0.81325 0.92625 1.6327 2.851 0.64025 
1.4539 0.86335 3.43115 0.64025 1.25125 0.94575 0.62725 0.64675 0.0 1.11955 0.30225 0.65 0.66625 0.3055 0.81245 0.31525 1.391 3.3173 0.34125 
1.4685 0.8552 3.44825 0.66625 1.222 0.9555 0.61425 0.65 0.0 1.109 0.2925 0.663 0.689 0.31525 0.5854 0.0 1.6164 3.31895 0.338 
1.77815 0.5741 3.4327 0.60775 1.56325 0.98475 0.64675 0.63375 0.2925 0.88525 0.31525 0.637 0.6825 0.2925 0.7855 0.0 1.6392 3.33525 0.34125 
1.78465 0.56265 3.46285 0.59475 1.6445 0.92625 0.6695 0.62075 0.3055 0.93395 0.31525 0.64675 0.61425 0.2925 0.80505 0.0 1.5433 3.3166 0.32825 
1.7635 0.5554 3.41405 1.001 1.9695 0.884 0.61425 0.31525 0.3055 1.30445 0.30875 0.31525 0.92625 0.31525 0.46795 0.0 1.55555 3.3067 0.0 
1.5405 0.5603 3.6541 1.03025 1.66075 0.88075 0.585 0.312 0.299 1.31665 0.0 0.312 0.93925 0.312 0.84655 0.3835 1.1655 3.3238 0.0 
2.0615 0.30225 3.39195 0.97825 1.9695 1.2675 0.637 0.312 0.29575 1.29555 0.0 0.312 1.313 0.312 0.8449 0.38675 1.5246 3.6618 0.0 
2.40275 0.0 3.43665 0.64675 1.97925 1.27725 0.6565 0.0 0.29575 1.78705 0.33475 0.0 1.29025 0.0 0.59915 0.37375 1.5116 3.44535 0.0 
2.3467 0.0 3.3757 0.62725 1.99875 1.2805 0.67275 0.0 0.31525 1.75285 0.29575 0.0 1.2935 0.0 0.6179 0.38025 1.5393 3.43065 0.0 
2.0607 0.0 3.0897 0.62075 2.31725 1.2935 0.67925 0.0 0.60125 2.25335 0.312 0.31525 0.975 0.0 0.5894 0.9815 1.2935 3.21095 0.0 
1.78525 0.28925 3.10595 0.64025 2.015 1.248 0.663 0.0 0.32825 2.49745 0.325 0.28925 0.95225 0.0 0.38025 0.99775 1.25775 3.20445 0.0 
1.7625 0.59055 2.80465 0.676 1.92075 1.32925 0.624 0.0 0.3055 2.77855 0.31525 0.312 1.053 0.0 0.38025 0.99775 1.3585 2.81525 0.0 
1.73895 0.59455 2.80145 0.286 1.5925 1.352 0.65975 0.351 0.30225 2.43325 0.3055 0.31525 1.04 0.0 0.36725 0.98475 1.7095 2.8315 0.351 
1.76575 0.5718 2.8104 0.2795 1.61525 1.365 0.67925 0.34125 0.6825 3.1125 0.60775 0.32175 1.04975 0.0 0.29575 1.3 1.391 2.539 0.34125 
1.49545 0.5791 3.08885 0.28275 1.222 1.3195 0.66625 0.35425 0.715 2.768 0.6175 0.28925 1.027 0.0 0.30225 1.3065 1.38125 2.17825 0.35425 
1.8018 0.90655 3.04165 0.30225 0.949 1.339 0.65325 0.3445 0.66625 2.296 0.6435 0.3185 1.0465 0.0 0.31525 1.30325 1.391 2.634 0.3445 
1.79115 0.9001 3.08315 0.3055 0.93275 1.326 0.64675 0.351 0.67275 2.29925 0.62725 0.31525 1.03675 0.0 0.31525 1.30325 1.38775 2.6072 0.351 
2.10565 0.89845 3.36585 0.58825 0.93925 1.35525 0.6695 0.67275 0.3835 2.0714 0.61425 0.0 1.33575 0.0 0.299 0.6825 1.39425 2.8708 0.67275 
2.4331 0.5889 3.39995 0.56875 0.9035 1.69 0.66625 0.65 0.37375 1.8215 0.611 0.0 1.68025 0.0 0.30875 0.6825 1.6335 2.88145 0.65 
2.40955 0.325 3.6346 0.6175 0.975 1.59575 0.65325 0.663 0.39 1.51035 0.62075 0.3185 1.3 0.0 0.61425 0.68575 1.2663 3.2551 0.663 
2.40625 0.31525 3.66145 0.9555 1.32925 1.57625 0.65325 0.30875 0.377 1.85895 0.62075 0.65975 0.93925 0.0 0.96525 0.6825 0.5553 3.23725 0.30875 
2.63495 0.5954 3.1396 1.62825 1.7225 1.599 1.352 0.31525 0.0 1.1935 0.30875 0.6435 1.638 0.0 0.6435 0.0 0.57485 2.86755 0.31525 
2.6504 0.5799 3.1681 1.599 1.6965 1.6055 1.37475 0.3055 0.0 1.18535 0.3055 0.9685 1.313 0.0 0.9685 0.0 0.2352 2.86435 0.30225 
2.0215 0.28665 2.84225 2.2685 1.7225 1.586 1.62825 0.62725 0.0 1.1967 0.0 1.274 1.3195 0.62075 1.1956 0.0 0.47285 2.398 0.611 
2.0215 0.2891 2.8398 2.262 1.729 1.5795 1.625 0.63375 0.0 1.1975 0.0 1.287 1.3195 0.62075 1.20295 0.0 0.46305 2.4037 0.598 
1.71605 0.2793 2.51475 2.2685 2.015 1.56325 1.599 0.598 0.0 1.4157 0.0 1.29025 0.9815 0.936 1.21505 0.0 0.46305 2.1685 0.92625 
1.6997 0.2891 2.5278 2.29775 2.02475 1.521 1.5925 0.61425 0.0 1.41245 0.0 1.287 0.988 0.9295 1.211 0.0 0.46305 2.1555 0.9295 
1.71275 0.2891 2.52615 2.29125 1.68025 1.88825 1.6185 0.637 0.0 1.0591 0.0 1.30325 1.34225 0.91325 1.2281 0.0 0.81395 2.1685 0.91975 
1.725 0.27685 2.52615 2.25875 1.65425 1.95 1.62175 0.637 0.0 1.0574 0.0 0.9685 1.6965 0.92625 0.8877 0.0 1.15605 2.16525 0.91 
1.47265 0.0 3.0529 1.599 1.274 1.911 0.9295 0.598 0.0 1.0468 0.0 0.91975 1.0205 0.936 1.1549 0.30875 1.55755 2.82825 0.936 
1.74705 0.0 2.77035 1.6055 1.6445 1.90775 0.91975 0.6175 0.0 1.4133 0.0 0.61425 1.3325 0.9295 0.8332 0.29575 1.8735 3.189 0.923 
1.74625 0.29575 3.0767 1.34225 1.94025 1.88175 0.611 0.65 0.0 1.4133 0.0 0.3055 1.66075 0.61425 0.61425 0.30875 1.88495 3.42495 0.6175 
1.132 0.611 2.77445 1.57625 2.236 1.95325 0.338 0.61425 0.0 1.3938 0.0 0.6305 1.6575 0.62725 0.6175 0.611 2.13475 3.20035 0.6175 
1.132 0.6305 2.78905 1.27075 2.25875 2.2295 0.33475 0.3055 0.0 1.4035 0.0 0.91975 1.64125 0.6175 0.62075 0.91 2.09245 3.20855 0.312 
1.132 0.64675 2.8053 1.2675 2.561 1.9175 0.34125 0.312 0.29575 1.39055 0.0 0.88725 1.36825 0.62725 0.8372 0.88725 1.8824 3.2208 0.31525 
1.12955 0.64675 2.8053 1.27075 3.26625 1.209 0.33475 0.30875 0.3055 1.7098 0.377 0.60125 0.962 0.6045 0.55205 0.923 1.45745 2.84055 0.29575 
1.132 0.60125 2.7549 1.62175 3.549 1.24475 0.0 0.32825 0.299 1.70985 0.71175 0.6045 0.6565 0.64025 0.53415 0.91325 1.1716 2.46745 0.312 
1.12955 0.62075 2.78175 1.60875 3.85775 1.55675 0.0 0.30875 0.30225 2.0909 1.391 0.6175 0.9425 0.61425 0.2303 0.6175 1.1878 1.8102 0.3055 
0.87475 0.6435 3.05685 1.60225 3.53925 1.5405 0.0 0.30875 0.299 1.7521 1.378 0.91975 0.611 0.62725 0.56665 0.5785 0.8237 1.4983 0.32175 
0.8919 0.34775 2.7415 1.91425 3.25325 1.55675 0.299 0.31525 0.3055 1.7342 1.3845 1.27075 0.3055 0.91325 0.83195 0.5915 0.8082 1.2859 0.598 
1.49145 0.0 3.03005 1.599 2.899 1.57625 0.637 0.29575 0.299 1.7399 1.39425 0.94575 0.30225 0.92625 0.79285 0.3055 0.6228 1.4665 0.6305 
1.79455 0.0 3.31355 1.60875 2.2945 1.274 0.624 0.2925 0.30225 1.25245 1.391 0.64675 0.6175 0.6175 0.8026 0.0 0.84665 1.69595 0.325 
1.1917 0.30225 3.00805 1.58275 1.6705 1.30325 0.6435 0.30875 0.0 1.26705 1.39425 0.6695 0.60775 0.6175 0.5935 0.0 0.8531 1.94825 0.312 
1.1892 0.3055 3.03655 1.573 1.2805 1.69325 0.64675 0.31525 0.0 1.26055 1.01075 0.65975 1.00425 0.6175 0.58215 0.0 1.22025 2.32205 0.30225 
1.1884 0.2925 3.01705 1.25775 0.97825 1.664 0.63375 0.637 0.0 1.2597 0.68575 0.65325 0.9945 0.61425 0.57805 0.0 1.538 2.65355 0.64025 
1.48565 0.29575 2.71485 1.66725 0.6565 1.326 0.6305 1.00425 0.0 0.87945 0.0 0.92625 1.36175 1.00425 0.85665 0.0 1.1822 2.9477 0.67275 
1.4555 0.31525 2.75075 1.62175 0.663 1.3325 0.637 1.04 0.0 0.90065 0.0 0.6175 1.677 1.001 0.5391 0.0 1.50225 2.91995 0.637 
1.44895 0.30875 2.7573 1.60225 0.65325 1.36175 0.34775 1.3195 0.0 0.886 0.0 0.624 2.00525 0.98475 0.548 0.0 1.5169 2.94435 0.33475 
0.83625 0.2795 2.13985 1.95 1.27075 1.0205 0.0 1.30975 0.3315 1.07955 0.0 0.637 1.9955 0.9815 0.5578 0.3315 1.72605 2.49855 0.3315 
0.53655 0.3055 1.8245 2.2815 1.89475 1.014 0.0 1.63475 0.299 1.59645 0.0 0.9295 1.6835 1.001 0.54155 0.60775 1.48185 2.22745 0.63375 
0.53165 0.31525 1.8416 2.28475 1.898 1.001 0.0 1.64125 0.65 1.34165 0.0 0.91 1.70625 0.99125 0.53905 0.94575 1.76195 2.2396 0.65 
0.54145 0.2925 1.7919 2.26525 2.249 0.64025 0.0 1.6445 0.98475 1.3376 0.0 0.90675 1.32275 0.9945 0.8925 0.923 1.371 2.234 0.65 
0.52675 0.29575 1.827 2.24575 2.25875 0.65 0.0 1.6185 0.99775 1.3392 0.0 0.95225 1.30325 0.9945 0.91285 0.95875 1.3572 2.23805 0.624 
0.25725 0.299 2.09975 1.88825 2.25875 0.6435 0.0 1.27075 1.36175 1.7285 0.0 0.6175 0.6435 0.6175 0.61465 1.29025 1.67075 2.6321 0.6565 
0.24255 0.30875 2.12665 1.898 2.26525 0.62725 0.0 1.2675 1.365 1.70815 0.0 0.936 0.30875 0.6175 0.9315 1.2935 1.36535 2.61095 0.65 
0.5497 0.611 2.7287 1.29675 2.60325 0.63375 0.0 0.637 1.404 1.71295 0.0 0.63375 0.0 0.0 0.71825 1.3195 1.1107 3.096 0.637 
0.56435 0.61425 2.73435 1.27075 1.96625 1.2805 0.0 0.62075 1.079 1.5177 0.0 0.94575 0.33475 0.0 0.9706 1.6445 1.0691 3.09025 0.62075 
0.54245 0.94575 3.0317 0.96525 1.36825 0.962 0.0 0.33475 1.651 1.04975 0.3055 0.65 0.312 0.0 0.94045 1.911 1.0992 3.57205 0.33475 
