0.0 0.0 0.0 0.0 0.0 0.0 0.0 0.0 0.0 0.0 0.0 0.0 0.0 0.0 0.0 0.0 0.0 0.0 0.0 
0.0 0.0 0.0 0.0 0.0 0.0 0.0 0.0 0.0 0.0 0.0 0.0 0.0 0.0 0.0 0.0 0.0 0.0 0.0 
3.8421 1.82325 0.60775 2.26525 1.28375 0.29575 0.98475 0.0 1.274 1.46265 0.0 0.30225 0.97825 0.0 0.81975 0.6045 0.22785 0.67275 0.0 
3.3822 2.3735 0.6175 1.61525 1.3 0.30225 0.31525 0.0 1.99225 1.47725 0.0 0.0 0.6175 0.0 0.8353 1.001 0.2401 0.68575 0.0 
2.9002 2.393 1.1377 1.58925 0.59475 0.32825 0.28925 0.0 1.638 1.14415 0.0 0.0 0.6175 0.0 0.4949 0.98475 0.22785 0.0 0.0 
2.24695 1.7495 1.132 1.62175 1.23825 0.299 0.3185 0.0 0.99775 1.62925 0.0 0.0 0.6175 0.0 0.23765 0.68575 0.0 0.0 0.0 
1.64895 1.132 1.132 0.9945 1.23825 0.30875 0.9295 0.0 0.68575 1.39895 0.0 0.62075 0.6175 0.0 0.46795 0.68575 0.0 0.0 0.0 
1.3337 0.82975 1.132 0.68575 0.923 0.0 0.6175 0.0 0.68575 0.93345 0.0 0.6175 0.0 0.0 0.46795 0.68575 0.4655 0.0 0.0 
1.03145 0.5145 0.5145 0.68575 0.62075 0.0 0.6175 0.0 0.68575 0.46795 0.0 0.6175 0.0 0.0 0.46795 0.68575 0.4655 0.46795 0.0 
1.03145 0.51695 0.5145 0.68575 0.6175 0.0 0.6175 0.0 0.68575 0.46795 0.0 0.6175 0.0 0.0 0.4655 0.68575 0.4655 0.46795 0.0 
1.029 0.51695 0.5145 0.6825 0.6175 0.0 0.6175 0.0 0.68575 0.4655 0.0 0.6175 0.0 0.0 0.4655 0.68575 0.4655 0.46795 0.0 
1.029 0.51695 0.5145 0.6825 0.6175 0.0 0.6175 0.0 0.68575 0.4655 0.0 0.6175 0.0 0.0 0.4655 0.68575 0.4655 0.46795 0.0 
1.029 0.51695 0.51695 0.6825 0.6175 0.0 0.62075 0.0 0.68575 0.4655 0.0 0.62075 0.0 0.0 0.46795 0.68575 0.46795 0.46795 0.0 
1.029 0.51695 0.51695 0.6825 0.6175 0.0 0.62075 0.0 0.68575 0.4655 0.0 0.62075 0.0 0.0 0.46795 0.68575 0.46795 0.46795 0.0 
1.029 0.5145 0.51695 0.6825 0.6175 0.0 0.62075 0.0 0.6825 0.4655 0.0 0.62075 0.0 0.0 0.4655 0.6825 0.46795 0.46795 0.0 
1.029 0.5145 0.51695 0.6825 0.6175 0.0 0.62075 0.0 0.6825 0.4655 0.0 0.62075 0.0 0.0 0.46795 0.6825 0.46795 0.4655 0.0 
1.029 0.5145 0.51695 0.6825 0.62075 0.0 0.62075 0.0 0.6825 0.4655 0.0 0.62075 0.0 0.0 0.46795 0.6825 0.46795 0.4655 0.0 
1.029 0.51205 0.5145 0.6825 0.62075 0.0 0.6175 0.0 0.6825 0.46795 0.0 0.6175 0.0 0.0 0.46795 0.6825 0.4655 0.4655 0.0 
1.03145 0.5145 0.5145 0.68575 0.6175 0.0 0.6175 0.0 0.68575 0.46795 0.0 0.6175 0.0 0.0 0.4655 0.68575 0.4655 0.46795 0.0 
1.03145 0.5145 0.5145 0.68575 0.6175 0.0 0.6175 0.0 0.68575 0.46795 0.0 0.6175 0.0 0.0 0.4655 0.68575 0.4655 0.46795 0.0 
1.03145 0.51695 0.5145 0.68575 0.6175 0.0 0.6175 0.0 0.68575 0.46795 0.0 0.6175 0.0 0.0 0.4655 0.68575 0.4655 0.46795 0.0 
1.029 0.51695 0.5145 0.6825 0.6175 0.0 0.6175 0.0 0.68575 0.4655 0.0 0.6175 0.0 0.0 0.4655 0.68575 0.4655 0.46795 0.0 
1.029 0.51695 0.5145 0.6825 0.6175 0.0 0.6175 0.0 0.68575 0.4655 0.0 0.6175 0.0 0.0 0.4655 0.68575 0.46795 0.46795 0.0 
1.029 0.51695 0.5145 0.6825 0.6175 0.0 0.6175 0.0 0.68575 0.4655 0.0 0.6175 0.0 0.0 0.4655 0.68575 0.46795 0.46795 0.0 
1.029 0.51695 0.5145 0.6825 0.6175 0.0 0.6175 0.0 0.68575 0.4655 0.0 0.6175 0.0 0.0 0.4655 0.68575 0.46795 0.46795 0.0 
1.029 0.51695 0.5145 0.6825 0.6175 0.0 0.62075 0.0 0.68575 0.4655 0.0 0.62075 0.0 0.0 0.46795 0.68575 0.46795 0.4655 0.0 
1.029 0.51695 0.51695 0.6825 0.62075 0.0 0.62075 0.0 0.68575 0.46795 0.0 0.62075 0.0 0.0 0.46795 0.68575 0.46795 0.4655 0.0 
1.029 0.51775 0.51695 0.6825 0.62075 0.0 0.62075 0.0 0.68575 0.4655 0.0 0.62075 0.0 0.0 0.46795 0.68575 0.46795 0.4655 0.0 
1.029 0.5145 0.5145 0.6825 0.6175 0.0 0.6175 0.0 0.68575 0.4655 0.0 0.6175 0.0 0.0 0.4655 0.68575 0.4655 0.46305 0.0 
1.03145 0.5145 0.5145 0.68575 0.62075 0.0 0.62075 0.0 0.68575 0.4655 0.0 0.62075 0.0 0.0 0.46795 0.68575 0.46795 0.4655 0.0 
1.029 0.5145 0.5145 0.6825 0.62075 0.0 0.62075 0.0 0.6825 0.4655 0.0 0.62075 0.0 0.0 0.46795 0.68575 0.46795 0.4655 0.0 
1.029 0.5145 0.5145 0.6825 0.62075 0.0 0.62075 0.0 0.6825 0.4655 0.0 0.62075 0.0 0.0 0.46795 0.6825 0.46795 0.4655 0.0 
1.03145 0.5145 0.5145 0.6825 0.62075 0.0 0.6175 0.0 0.6825 0.46795 0.0 0.62075 0.0 0.0 0.46795 0.6825 0.4655 0.4655 0.0 
1.03145 0.5145 0.5145 0.6825 0.6175 0.0 0.6175 0.0 0.6825 0.46795 0.0 0.6175 0.0 0.0 0.4655 0.6825 0.4655 0.4655 0.0 
1.03145 0.5145 0.5145 0.6825 0.6175 0.0 0.6175 0.0 0.6825 0.46795 0.0 0.6175 0.0 0.0 0.46795 0.68575 0.4655 0.46795 0.0 
1.029 0.51695 0.5145 0.6825 0.62075 0.0 0.6175 0.0 0.68575 0.46795 0.0 0.62075 0.0 0.0 0.46795 0.68575 0.46795 0.4655 0.0 
1.029 0.51695 0.5145 0.6825 0.62075 0.0 0.6175 0.0 0.68575 0.46795 0.0 0.62075 0.0 0.0 0.46795 0.68575 0.4655 0.4655 0.0 
1.03145 0.5145 0.51695 0.6825 0.62075 0.0 0.6175 0.0 0.6825 0.46795 0.0 0.62075 0.0 0.0 0.46795 0.6825 0.4655 0.4655 0.0 
1.03145 0.5145 0.5145 0.6825 0.62075 0.0 0.6175 0.0 0.6825 0.46795 0.0 0.62075 0.0 0.0 0.46795 0.6825 0.4655 0.4655 0.0 
1.029 0.5145 0.51695 0.6825 0.6175 0.0 0.6175 0.0 0.6825 0.46795 0.0 0.6175 0.0 0.0 0.4655 0.6825 0.4655 0.46795 0.0 
1.029 0.5145 0.51695 0.6825 0.6175 0.0 0.6175 0.0 0.6825 0.4655 0.0 0.6175 0.0 0.0 0.4655 0.6825 0.46795 0.46795 0.0 
1.03145 0.5145 0.51695 0.6825 0.6175 0.0 0.6175 0.0 0.6825 0.4655 0.0 0.6175 0.0 0.0 0.4655 0.6825 0.46795 0.46795 0.0 
1.029 0.5145 0.51695 0.6825 0.6175 0.0 0.6175 0.0 0.6825 0.4655 0.0 0.6175 0.0 0.0 0.4655 0.6825 0.46795 0.46795 0.0 
1.03145 0.5145 0.51695 0.6825 0.6175 0.0 0.62075 0.0 0.6825 0.4655 0.0 0.62075 0.0 0.0 0.46795 0.6825 0.46795 0.46795 0.0 
1.03145 0.5145 0.5145 0.6825 0.6175 0.0 0.62075 0.0 0.6825 0.4655 0.0 0.62075 0.0 0.0 0.46795 0.6825 0.46795 0.4655 0.0 
1.03145 0.5145 0.51695 0.6825 0.62075 0.0 0.62075 0.0 0.6825 0.4655 0.0 0.62075 0.0 0.0 0.46795 0.6825 0.46795 0.4655 0.0 
1.03145 0.5145 0.5145 0.6825 0.62075 0.0 0.6175 0.0 0.6825 0.4655 0.0 0.62075 0.0 0.0 0.46795 0.6825 0.4655 0.4655 0.0 
1.03145 0.5145 0.5145 0.6825 0.6175 0.0 0.6175 0.0 0.6825 0.46795 0.0 0.6175 0.0 0.0 0.4655 0.68575 0.4655 0.46795 0.0 
1.03145 0.5145 0.5145 0.68575 0.6175 0.0 0.6175 0.0 0.6825 0.4655 0.0 0.6175 0.0 0.0 0.4655 0.68575 0.46795 0.46795 0.0 
1.03145 0.5145 0.5145 0.6825 0.6175 0.0 0.6175 0.0 0.6825 0.4655 0.0 0.6175 0.0 0.0 0.4655 0.6825 0.46795 0.46795 0.0 
1.03145 0.5145 0.5145 0.6825 0.6175 0.0 0.62075 0.0 0.6825 0.4655 0.0 0.62075 0.0 0.0 0.46795 0.68575 0.46795 0.4655 0.0 
1.029 0.5145 0.5145 0.6825 0.6175 0.0 0.6175 0.0 0.6825 0.4655 0.0 0.62075 0.0 0.0 0.46795 0.6825 0.4655 0.4655 0.0 
1.029 0.5145 0.51695 0.6825 0.6175 0.0 0.6175 0.0 0.6825 0.46795 0.0 0.6175 0.0 0.0 0.4655 0.6825 0.4655 0.46795 0.0 
1.02655 0.51205 0.5145 0.67925 0.6175 0.0 0.6175 0.0 0.67925 0.4655 0.0 0.6175 0.0 0.0 0.4655 0.6825 0.4655 0.46795 0.0 
1.029 0.5145 0.5145 0.6825 0.6175 0.0 0.62075 0.0 0.6825 0.4655 0.0 0.62075 0.0 0.0 0.46795 0.6825 0.46795 0.46795 0.0 
1.029 0.5145 0.51695 0.6825 0.6175 0.0 0.62075 0.0 0.6825 0.4655 0.0 0.62075 0.0 0.0 0.46795 0.6825 0.46795 0.4655 0.0 
1.0241 0.51205 0.5145 0.67925 0.6175 0.0 0.6175 0.0 0.67925 0.4655 0.0 0.6175 0.0 0.0 0.4655 0.67925 0.4655 0.4655 0.0 
1.029 0.5145 0.51695 0.6825 0.6175 0.0 0.6175 0.0 0.6825 0.4655 0.0 0.6175 0.0 0.0 0.4655 0.6825 0.46795 0.46795 0.0 
1.029 0.5145 0.51695 0.6825 0.6175 0.0 0.62075 0.0 0.6825 0.4655 0.0 0.62075 0.0 0.0 0.46795 0.6825 0.46795 0.46795 0.0 
1.0339 0.5145 0.5145 0.68575 0.6175 0.0 0.6175 0.0 0.6825 0.4655 0.0 0.6175 0.0 0.0 0.4655 0.68575 0.46795 0.46795 0.0 
1.0241 0.51205 0.51205 0.67925 0.61425 0.0 0.61425 0.0 0.67925 0.46305 0.0 0.61425 0.0 0.0 0.4655 0.67925 0.46305 0.46305 0.0 
1.029 0.5145 0.51695 0.6825 0.62075 0.0 0.6175 0.0 0.6825 0.46795 0.0 0.6175 0.0 0.0 0.46795 0.6825 0.4655 0.46795 0.0 
1.029 0.5145 0.51695 0.6825 0.6175 0.0 0.6175 0.0 0.6825 0.4655 0.0 0.6175 0.0 0.0 0.4655 0.6825 0.4655 0.4655 0.0 
1.0339 0.5145 0.51695 0.68575 0.6175 0.0 0.6175 0.0 0.6825 0.46795 0.0 0.6175 0.0 0.0 0.4655 0.68575 0.46795 0.46795 0.0 
1.03145 0.5145 0.5145 0.68575 0.6175 0.0 0.6175 0.0 0.68575 0.46795 0.0 0.6175 0.0 0.0 0.4655 0.68575 0.4655 0.46795 0.0 
1.03145 0.5145 0.5145 0.68575 0.6175 0.0 0.6175 0.0 0.6825 0.4655 0.0 0.6175 0.0 0.0 0.4655 0.68575 0.4655 0.46795 0.0 
1.029 0.5145 0.5145 0.68575 0.6175 0.0 0.62075 0.0 0.6825 0.4655 0.0 0.62075 0.0 0.0 0.4655 0.68575 0.46795 0.46795 0.0 
1.03145 0.5145 0.5145 0.68575 0.6175 0.0 0.62075 0.0 0.68575 0.4655 0.0 0.62075 0.0 0.0 0.46795 0.68575 0.46795 0.46795 0.0 
1.02655 0.5145 0.5145 0.6825 0.62075 0.0 0.6175 0.0 0.6825 0.4655 0.0 0.62075 0.0 0.0 0.46795 0.6825 0.46795 0.4655 0.0 
1.029 0.51205 0.5145 0.6825 0.6175 0.0 0.6175 0.0 0.6825 0.4655 0.0 0.6175 0.0 0.0 0.4655 0.6825 0.4655 0.4655 0.0 
1.03145 0.51695 0.5145 0.68575 0.6175 0.0 0.62075 0.0 0.68575 0.4655 0.0 0.6175 0.0 0.0 0.4655 0.68575 0.46795 0.46795 0.0 
1.03145 0.5145 0.5145 0.68575 0.6175 0.0 0.62075 0.0 0.68575 0.4655 0.0 0.62075 0.0 0.0 0.46795 0.68575 0.46795 0.4655 0.0 
1.03145 0.5145 0.5145 0.68575 0.62075 0.0 0.62075 0.0 0.68575 0.46795 0.0 0.62075 0.0 0.0 0.46795 0.68575 0.46795 0.4655 0.0 
1.03145 0.5145 0.5145 0.68575 0.62075 0.0 0.6175 0.0 0.68575 0.46795 0.0 0.62075 0.0 0.0 0.46795 0.68575 0.46795 0.4655 0.0 
1.03145 0.51695 0.5145 0.68575 0.62075 0.0 0.6175 0.0 0.68575 0.46795 0.0 0.62075 0.0 0.0 0.46795 0.68575 0.4655 0.4655 0.0 
1.029 0.51695 0.5145 0.6825 0.6175 0.0 0.6175 0.0 0.68575 0.46795 0.0 0.6175 0.0 0.0 0.4655 0.68575 0.4655 0.4655 0.0 
1.03145 0.5145 0.5145 0.68575 0.6175 0.0 0.6175 0.0 0.68575 0.4655 0.0 0.6175 0.0 0.0 0.4655 0.68575 0.46795 0.46795 0.0 
1.03145 0.5145 0.5145 0.68575 0.6175 0.0 0.61425 0.0 0.6825 0.4655 0.0 0.6175 0.0 0.0 0.4655 0.68575 0.46795 0.46795 0.0 
1.029 0.51695 0.5145 0.6825 0.6175 0.0 0.6175 0.0 0.68575 0.4655 0.0 0.6175 0.0 0.0 0.4655 0.68575 0.46795 0.46795 0.0 
1.029 0.51695 0.5145 0.6825 0.6175 0.0 0.62075 0.0 0.68575 0.4655 0.0 0.62075 0.0 0.0 0.4655 0.68575 0.46795 0.4655 0.0 
