43.35 25.8648 7.41 23.517 24.102 3.666 16.029 0.0 19.968 17.571 0.0 7.878 11.817 0.0 10.1796 7.644 2.8812 8.229 0.0 
3.93245 1.872 0.6175 1.95325 1.60875 0.325 1.29675 0.0 1.638 1.4724 0.0 0.624 0.99775 0.0 0.84995 0.60775 0.2303 0.68575 0.0 
3.8967 1.859 0.6175 2.29775 1.3 0.30225 0.99775 0.0 1.29025 1.4928 0.0 0.30225 0.99775 0.0 0.8075 0.637 0.25235 0.68575 0.0 
3.40415 2.37675 0.6175 1.6055 1.29675 0.312 0.3055 0.0 1.95975 1.505 0.0 0.0 0.6175 0.0 0.81245 0.9945 0.2352 0.68575 0.0 
2.8799 2.37025 1.132 1.62175 0.62075 0.30225 0.31525 0.0 1.64125 1.1466 0.0 0.0 0.62075 0.0 0.49 0.99125 0.2303 0.0 0.0 
2.2762 1.7625 1.132 1.6055 1.22525 0.3185 0.299 0.0 1.04 1.59985 0.0 0.0 0.62075 0.0 0.26705 0.68575 0.0 0.0 0.0 
1.63025 1.1442 1.132 0.99775 1.22525 0.3055 0.93275 0.0 0.68575 1.39895 0.0 0.62075 0.62075 0.0 0.46795 0.68575 0.0 0.0 0.0 
1.33125 0.8322 1.132 0.6825 0.91975 0.0 0.62075 0.0 0.68575 0.931 0.0 0.62075 0.0 0.0 0.46795 0.68575 0.46795 0.0 0.0 
1.029 0.51695 0.5145 0.6825 0.62075 0.0 0.62075 0.0 0.68575 0.46795 0.0 0.62075 0.0 0.0 0.46795 0.68575 0.46795 0.4655 0.0 
1.029 0.51695 0.5145 0.6825 0.62075 0.0 0.6175 0.0 0.68575 0.46795 0.0 0.6175 0.0 0.0 0.4655 0.68575 0.4655 0.4655 0.0 
1.03145 0.51695 0.5145 0.68575 0.6175 0.0 0.6175 0.0 0.68575 0.46795 0.0 0.6175 0.0 0.0 0.4655 0.68575 0.4655 0.46795 0.0 
1.029 0.5145 0.5145 0.6825 0.6175 0.0 0.6175 0.0 0.6825 0.4655 0.0 0.6175 0.0 0.0 0.4655 0.68575 0.4655 0.46795 0.0 
1.0339 0.5145 0.5145 0.68575 0.6175 0.0 0.6175 0.0 0.6825 0.4655 0.0 0.6175 0.0 0.0 0.4655 0.68575 0.46795 0.46795 0.0 
1.029 0.51695 0.5145 0.6825 0.62075 0.0 0.6175 0.0 0.68575 0.46795 0.0 0.62075 0.0 0.0 0.46795 0.68575 0.4655 0.46795 0.0 
1.029 0.5145 0.51695 0.6825 0.62075 0.0 0.6175 0.0 0.6825 0.46795 0.0 0.62075 0.0 0.0 0.46795 0.6825 0.4655 0.4655 0.0 
1.029 0.5145 0.51695 0.6825 0.62075 0.0 0.6175 0.0 0.6825 0.46795 0.0 0.62075 0.0 0.0 0.46795 0.6825 0.4655 0.4655 0.0 
1.029 0.5145 0.5145 0.6825 0.6175 0.0 0.6175 0.0 0.68575 0.46795 0.0 0.6175 0.0 0.0 0.46795 0.68575 0.4655 0.46795 0.0 
1.03145 0.5145 0.5145 0.68575 0.6175 0.0 0.6175 0.0 0.68575 0.46795 0.0 0.6175 0.0 0.0 0.4655 0.68575 0.4655 0.46795 0.0 
1.03145 0.51695 0.5145 0.68575 0.6175 0.0 0.6175 0.0 0.68575 0.4655 0.0 0.6175 0.0 0.0 0.4655 0.68575 0.4655 0.46795 0.0 
1.029 0.51695 0.51695 0.6825 0.6175 0.0 0.6175 0.0 0.68575 0.46795 0.0 0.6175 0.0 0.0 0.4655 0.68575 0.4655 0.46795 0.0 
1.029 0.5145 0.51695 0.6825 0.6175 0.0 0.6175 0.0 0.6825 0.46795 0.0 0.6175 0.0 0.0 0.4655 0.6825 0.4655 0.46795 0.0 
1.029 0.5145 0.51695 0.6825 0.6175 0.0 0.6175 0.0 0.6825 0.46795 0.0 0.6175 0.0 0.0 0.4655 0.6825 0.4655 0.46795 0.0 
1.03145 0.5145 0.5145 0.6825 0.62075 0.0 0.6175 0.0 0.6825 0.46795 0.0 0.62075 0.0 0.0 0.46795 0.68575 0.4655 0.46795 0.0 
1.03145 0.5145 0.5145 0.68575 0.62075 0.0 0.6175 0.0 0.6825 0.46795 0.0 0.6175 0.0 0.0 0.46795 0.68575 0.4655 0.4655 0.0 
1.029 0.5145 0.5145 0.68575 0.62075 0.0 0.6175 0.0 0.6825 0.46795 0.0 0.62075 0.0 0.0 0.46795 0.68575 0.4655 0.46795 0.0 
1.03145 0.5145 0.5145 0.68575 0.62075 0.0 0.6175 0.0 0.68575 0.46795 0.0 0.62075 0.0 0.0 0.46795 0.68575 0.4655 0.4655 0.0 
1.029 0.5145 0.5145 0.6825 0.6175 0.0 0.6175 0.0 0.6825 0.4655 0.0 0.6175 0.0 0.0 0.4655 0.68575 0.4655 0.46795 0.0 
1.0339 0.5145 0.5145 0.68575 0.6175 0.0 0.6175 0.0 0.68575 0.46795 0.0 0.62075 0.0 0.0 0.46795 0.68575 0.4704 0.46795 0.0 
1.02655 0.51205 0.5145 0.6825 0.6175 0.0 0.61425 0.0 0.67925 0.4655 0.0 0.61425 0.0 0.0 0.4655 0.6825 0.46305 0.46305 0.0 
1.03145 0.5145 0.5145 0.68575 0.6175 0.0 0.6175 0.0 0.6825 0.4655 0.0 0.6175 0.0 0.0 0.4655 0.68575 0.4655 0.46795 0.0 
1.03145 0.5145 0.5145 0.6825 0.6175 0.0 0.6175 0.0 0.6825 0.4655 0.0 0.6175 0.0 0.0 0.4655 0.6825 0.4655 0.46795 0.0 
1.03145 0.5145 0.5145 0.68575 0.6175 0.0 0.62075 0.0 0.6825 0.4655 0.0 0.62075 0.0 0.0 0.46795 0.68575 0.46795 0.46795 0.0 
1.029 0.5145 0.5145 0.6825 0.6175 0.0 0.62075 0.0 0.6825 0.4655 0.0 0.62075 0.0 0.0 0.46795 0.6825 0.46795 0.4655 0.0 
1.029 0.5145 0.5145 0.6825 0.6175 0.0 0.6175 0.0 0.6825 0.46795 0.0 0.6175 0.0 0.0 0.4655 0.6825 0.4655 0.4655 0.0 
1.029 0.51695 0.51695 0.6825 0.6175 0.0 0.6175 0.0 0.68575 0.46795 0.0 0.6175 0.0 0.0 0.4655 0.68575 0.4655 0.46795 0.0 
1.029 0.5145 0.51695 0.6825 0.6175 0.0 0.6175 0.0 0.6825 0.46795 0.0 0.6175 0.0 0.0 0.4655 0.6825 0.4655 0.46795 0.0 
1.029 0.5145 0.51695 0.6825 0.6175 0.0 0.6175 0.0 0.6825 0.4655 0.0 0.6175 0.0 0.0 0.4655 0.6825 0.46795 0.46795 0.0 
1.03145 0.5145 0.51695 0.6825 0.6175 0.0 0.6175 0.0 0.6825 0.4655 0.0 0.6175 0.0 0.0 0.4655 0.6825 0.46795 0.46795 0.0 
1.029 0.5145 0.5145 0.6825 0.6175 0.0 0.6175 0.0 0.6825 0.4655 0.0 0.6175 0.0 0.0 0.4655 0.6825 0.46795 0.46795 0.0 
1.029 0.5145 0.51695 0.6825 0.6175 0.0 0.62075 0.0 0.6825 0.4655 0.0 0.6175 0.0 0.0 0.4655 0.6825 0.46795 0.46795 0.0 
1.03145 0.5145 0.5145 0.68575 0.6175 0.0 0.6175 0.0 0.6825 0.4655 0.0 0.6175 0.0 0.0 0.4655 0.68575 0.46795 0.46795 0.0 
1.03145 0.5145 0.5145 0.68575 0.6175 0.0 0.6175 0.0 0.68575 0.4655 0.0 0.6175 0.0 0.0 0.4655 0.68575 0.46795 0.46795 0.0 
1.02655 0.5145 0.5145 0.6825 0.6175 0.0 0.6175 0.0 0.6825 0.4655 0.0 0.6175 0.0 0.0 0.4655 0.6825 0.46795 0.46795 0.0 
1.03145 0.5145 0.5145 0.6825 0.6175 0.0 0.6175 0.0 0.6825 0.4655 0.0 0.6175 0.0 0.0 0.4655 0.6825 0.46795 0.46795 0.0 
1.03145 0.5145 0.5145 0.6825 0.6175 0.0 0.6175 0.0 0.6825 0.46795 0.0 0.6175 0.0 0.0 0.4655 0.6825 0.4655 0.46795 0.0 
1.0339 0.5145 0.51695 0.68575 0.6175 0.0 0.6175 0.0 0.68575 0.46795 0.0 0.6175 0.0 0.0 0.4655 0.68575 0.4655 0.46795 0.0 
1.03145 0.5145 0.5145 0.68575 0.6175 0.0 0.6175 0.0 0.68575 0.4655 0.0 0.6175 0.0 0.0 0.4655 0.68575 0.4655 0.46795 0.0 
1.029 0.5145 0.5145 0.6825 0.6175 0.0 0.62075 0.0 0.6825 0.4655 0.0 0.62075 0.0 0.0 0.4655 0.6825 0.46795 0.4655 0.0 
1.029 0.5145 0.5145 0.6825 0.6175 0.0 0.6175 0.0 0.6825 0.46795 0.0 0.6175 0.0 0.0 0.46795 0.6825 0.46795 0.4655 0.0 
1.03145 0.5145 0.5145 0.6825 0.62075 0.0 0.6175 0.0 0.6825 0.46795 0.0 0.6175 0.0 0.0 0.46795 0.6825 0.4655 0.4655 0.0 
1.03145 0.5145 0.5145 0.6825 0.6175 0.0 0.6175 0.0 0.6825 0.46795 0.0 0.6175 0.0 0.0 0.46795 0.6825 0.4655 0.46795 0.0 
1.03145 0.5145 0.5145 0.6825 0.6175 0.0 0.6175 0.0 0.6825 0.46795 0.0 0.6175 0.0 0.0 0.4655 0.6825 0.4655 0.46795 0.0 
1.03145 0.5145 0.5145 0.6825 0.6175 0.0 0.6175 0.0 0.6825 0.4655 0.0 0.6175 0.0 0.0 0.4655 0.6825 0.4655 0.46795 0.0 
1.03145 0.5145 0.5145 0.6825 0.6175 0.0 0.6175 0.0 0.6825 0.4655 0.0 0.6175 0.0 0.0 0.4655 0.6825 0.46795 0.46795 0.0 
1.0339 0.5145 0.5145 0.68575 0.6175 0.0 0.6175 0.0 0.6825 0.4655 0.0 0.6175 0.0 0.0 0.4655 0.68575 0.46795 0.46795 0.0 
1.03145 0.5145 0.5145 0.6825 0.6175 0.0 0.6175 0.0 0.6825 0.4655 0.0 0.6175 0.0 0.0 0.4655 0.68575 0.46795 0.4655 0.0 
1.029 0.5145 0.5145 0.6825 0.62075 0.0 0.6175 0.0 0.6825 0.46795 0.0 0.62075 0.0 0.0 0.46795 0.6825 0.4655 0.4655 0.0 
1.03145 0.5145 0.51695 0.6825 0.62075 0.0 0.6175 0.0 0.6825 0.46795 0.0 0.6175 0.0 0.0 0.46795 0.6825 0.4655 0.46795 0.0 
1.03145 0.5145 0.5145 0.6825 0.6175 0.0 0.6175 0.0 0.6825 0.46795 0.0 0.6175 0.0 0.0 0.4655 0.6825 0.4655 0.46795 0.0 
1.0339 0.5145 0.5145 0.68575 0.62075 0.0 0.6175 0.0 0.68575 0.46795 0.0 0.6175 0.0 0.0 0.46795 0.68575 0.4655 0.46795 0.0 
1.029 0.5145 0.5145 0.68575 0.6175 0.0 0.6175 0.0 0.6825 0.4655 0.0 0.6175 0.0 0.0 0.4655 0.6825 0.4655 0.46795 0.0 
1.0339 0.5145 0.5145 0.68575 0.6175 0.0 0.6175 0.0 0.68575 0.4655 0.0 0.6175 0.0 0.0 0.4655 0.68575 0.46795 0.46795 0.0 
1.03145 0.5145 0.5145 0.68575 0.6175 0.0 0.6175 0.0 0.68575 0.4655 0.0 0.6175 0.0 0.0 0.4655 0.68575 0.46795 0.46795 0.0 
1.03145 0.5145 0.5145 0.68575 0.6175 0.0 0.6175 0.0 0.68575 0.4655 0.0 0.6175 0.0 0.0 0.4655 0.68575 0.46795 0.46795 0.0 
1.03145 0.5145 0.5145 0.68575 0.6175 0.0 0.62075 0.0 0.68575 0.4655 0.0 0.62075 0.0 0.0 0.46795 0.68575 0.46795 0.46795 0.0 
1.03145 0.5145 0.5145 0.68575 0.6175 0.0 0.62075 0.0 0.68575 0.4655 0.0 0.62075 0.0 0.0 0.46795 0.68575 0.46795 0.4655 0.0 
1.03145 0.5145 0.5145 0.68575 0.6175 0.0 0.6175 0.0 0.68575 0.4655 0.0 0.62075 0.0 0.0 0.46795 0.68575 0.46795 0.4655 0.0 
1.03145 0.51695 0.5145 0.68575 0.62075 0.0 0.62075 0.0 0.68575 0.46795 0.0 0.62075 0.0 0.0 0.46795 0.68575 0.46795 0.46795 0.0 
1.029 0.5145 0.51695 0.6825 0.6175 0.0 0.62075 0.0 0.6825 0.4655 0.0 0.62075 0.0 0.0 0.46795 0.6825 0.46795 0.4655 0.0 
1.029 0.5145 0.51695 0.6825 0.6175 0.0 0.62075 0.0 0.6825 0.4655 0.0 0.62075 0.0 0.0 0.46795 0.6825 0.46795 0.4655 0.0 
1.03145 0.5145 0.51695 0.6825 0.6175 0.0 0.62075 0.0 0.6825 0.4655 0.0 0.62075 0.0 0.0 0.46795 0.6825 0.46795 0.4655 0.0 
1.03145 0.5145 0.51695 0.6825 0.62075 0.0 0.6175 0.0 0.6825 0.46795 0.0 0.62075 0.0 0.0 0.46795 0.6825 0.46795 0.4655 0.0 
1.029 0.5145 0.51695 0.6825 0.62075 0.0 0.6175 0.0 0.6825 0.46795 0.0 0.6175 0.0 0.0 0.46795 0.6825 0.4655 0.4655 0.0 
1.029 0.5145 0.5145 0.6825 0.6175 0.0 0.6175 0.0 0.6825 0.4655 0.0 0.6175 0.0 0.0 0.4655 0.6825 0.4655 0.4655 0.0 
1.03145 0.51695 0.5145 0.68575 0.62075 0.0 0.62075 0.0 0.68575 0.4655 0.0 0.62075 0.0 0.0 0.46795 0.68575 0.46795 0.4655 0.0 
1.029 0.51695 0.51695 0.6825 0.62075 0.0 0.62075 0.0 0.68575 0.4655 0.0 0.62075 0.0 0.0 0.46795 0.68575 0.46795 0.4655 0.0 
1.029 0.51695 0.51695 0.6825 0.62075 0.0 0.62075 0.0 0.68575 0.46795 0.0 0.62075 0.0 0.0 0.46795 0.68575 0.46795 0.4655 0.0 
1.0241 0.51205 0.5145 0.67925 0.6175 0.0 0.6175 0.0 0.67925 0.4655 0.0 0.6175 0.0 0.0 0.4655 0.67925 0.4655 0.4655 0.0 
1.029 0.5145 0.51695 0.6825 0.6175 0.0 0.6175 0.0 0.6825 0.4655 0.0 0.6175 0.0 0.0 0.4655 0.6825 0.4655 0.46795 0.0 
1.029 0.5145 0.5145 0.6825 0.6175 0.0 0.62075 0.0 0.6825 0.4655 0.0 0.62075 0.0 0.0 0.46795 0.6825 0.46795 0.4655 0.0 
