43.4964 25.611 7.41 23.439 24.219 3.666 16.029 0.0 19.188 18.1872 0.0 7.722 11.973 0.0 9.4164 7.566 2.9694 8.229 0.0 
3.39275 1.8395 1.13445 1.97275 2.33675 0.299 1.339 0.0 1.65425 1.7706 0.377 0.6565 0.9815 0.0 0.85725 0.624 0.22785 0.99125 0.0 
3.10945 1.8655 1.4015 1.61525 2.3335 0.99125 1.6835 0.0 1.30325 1.77145 0.7475 0.3055 0.99775 0.0 0.83525 0.6175 0.2352 0.975 0.0 
3.12895 1.8785 1.4015 0.9035 2.69425 1.30975 1.27075 0.29575 1.3 2.16545 0.73775 0.0 0.6175 0.0 0.8255 0.3185 0.62685 0.98475 0.299 
2.86035 1.85575 1.65385 0.93275 2.366 1.29675 1.30975 0.30875 0.92625 2.20375 0.7085 0.0 0.6175 0.0 0.46305 0.31525 0.61465 0.663 0.30875 
2.554 1.53725 1.66365 0.92625 2.652 1.29675 1.30325 0.3055 0.3185 2.62695 0.715 0.0 0.6175 0.0 0.2401 0.0 0.38025 0.6305 0.3055 
1.93815 0.9425 1.65875 0.312 2.66175 1.287 1.63475 0.57525 0.27625 2.63825 0.71825 0.0 0.6175 0.3445 0.2597 0.62075 0.38675 0.65 0.91975 
1.63425 0.6175 1.6612 0.0 2.353 1.001 1.339 0.60125 0.28275 2.15165 0.728 0.0 0.0 0.338 0.47775 0.9165 0.609 0.64025 0.93925 
1.65775 0.33475 1.3769 0.0 2.33675 0.9945 1.30975 0.611 0.3055 1.9361 0.7345 0.0 0.0 0.31525 0.47285 0.93275 0.6073 0.8494 0.9295 
1.9217 0.30875 1.0715 0.0 2.002 0.988 1.3 0.60775 0.3055 1.9515 0.36075 0.0 0.0 0.312 0.46795 0.92625 0.613 0.8681 0.923 
2.18955 0.30875 0.81015 0.0 1.62825 0.9945 0.9945 0.92625 0.28275 1.92135 0.0 0.0 0.0 0.6695 0.49 0.93275 0.60485 0.85915 0.92625 
2.1692 0.299 0.8167 0.0 1.29025 1.36825 0.99125 0.91325 0.26975 1.5638 0.0 0.3835 0.0 0.69225 0.49 1.30325 0.2401 0.8933 0.923 
1.9575 0.5749 0.824 0.0 0.92625 1.36825 0.95875 0.93275 0.30225 1.2479 0.3315 0.39 0.0 0.65 0.47285 1.3195 0.2303 0.53495 0.91325 
1.95345 0.5473 1.4252 0.0 0.91325 1.365 0.9555 0.962 0.312 0.7816 0.338 0.37375 0.0 0.65 0.46795 1.3065 0.2303 1.0021 0.9295 
1.9364 0.55535 1.4407 0.0 1.5535 1.98575 0.9555 0.99125 0.0 1.0111 0.3185 0.36075 0.0 0.6695 0.24255 0.6825 0.22295 1.0013 0.325 
2.2468 0.8609 1.42275 0.0 1.85575 2.6065 0.936 0.98475 0.0 1.46765 0.3315 0.377 0.30225 0.99125 0.0 0.377 0.0 0.9948 0.624 
2.25005 0.86905 1.4268 0.0 1.86875 2.6065 0.949 0.94575 0.0 1.4758 0.338 0.39 0.30225 0.96525 0.0 0.39 0.0 0.9956 0.611 
2.2303 1.11015 1.1965 0.0 1.90125 2.6065 0.97825 0.93275 0.0 1.17355 0.3445 0.38025 0.299 0.94575 0.0 0.38025 0.0 0.69335 0.624 
2.1864 1.15395 1.1966 0.0 1.9045 2.60325 0.92625 0.988 0.0 1.15885 0.3185 0.377 0.3185 0.97825 0.0 0.377 0.0 0.70805 0.6045 
1.6922 1.67505 1.1957 0.0 2.2165 2.21975 0.61425 0.689 0.0 1.55785 0.338 0.0 0.3185 1.287 0.0 0.0 0.39 0.6909 0.598 
1.69465 1.6287 1.21605 0.0 2.27175 2.24575 0.6175 0.689 0.0 1.8748 0.0 0.0 0.28925 1.34225 0.0 0.0 0.364 1.0118 0.65325 
1.67755 1.35815 0.8927 0.0 1.93375 2.548 0.975 0.962 0.0 1.87475 0.0 0.0 0.31525 1.261 0.0 0.0 0.61465 0.775 0.9295 
1.66695 1.37855 0.87395 0.0 1.2935 1.90775 0.9165 0.9945 0.0 1.41485 0.0 0.33475 0.31525 1.58275 0.0 0.33475 1.08175 0.8141 1.196 
1.381 1.0486 0.9008 0.0 1.014 1.30975 1.248 1.3195 0.0 0.947 0.0 0.65975 0.0 1.28375 0.24255 0.338 1.2966 0.78475 1.23175 
1.35585 1.04125 0.86585 0.0 0.663 1.59575 1.22525 1.27725 0.0 0.71825 0.0 0.62075 0.299 1.25775 0.2156 0.33475 1.56195 0.80515 1.183 
1.37555 0.9996 0.8545 0.0 0.60775 1.60225 1.28375 1.3065 0.0 0.71825 0.0 0.6305 0.299 1.25775 0.2401 0.312 1.54885 0.7864 1.2415 
1.40725 1.00205 0.87315 0.34125 0.62725 1.27075 1.274 0.936 0.0 0.702 0.0 0.62725 0.30225 0.93275 0.23765 0.312 1.52445 0.8076 1.24475 
1.9218 0.46305 0.8781 1.014 0.299 0.9685 1.9435 0.975 0.0 0.31525 0.0 0.65975 0.6695 0.93275 0.23765 0.3445 1.15885 0.78565 1.21875 
2.4566 0.22785 0.624 1.01075 0.99125 0.96525 1.911 0.93275 0.0 0.3315 0.35425 0.6305 0.689 0.923 0.2205 0.338 1.17355 0.8019 1.17975 
2.4184 0.2303 0.58825 1.326 0.988 0.65975 1.9955 0.6305 0.0 0.33475 0.34775 0.6305 1.00425 0.9165 0.2401 0.312 1.1613 0.80025 0.92625 
2.43705 0.23765 0.61425 1.34225 0.99775 0.6565 1.96625 0.61425 0.0 0.338 0.3445 0.61425 1.01725 0.91325 0.23275 0.3055 1.17355 0.7994 0.9165 
2.4281 0.23765 0.6045 1.326 1.3 0.949 1.68025 0.28275 0.0 0.5496 0.36075 0.585 0.98475 0.9295 0.0 0.58825 1.1662 0.79215 0.64675 
2.4452 0.23275 0.6175 1.3325 1.612 0.65975 1.68675 0.2665 0.0 0.8084 0.3445 0.58175 0.68575 0.923 0.0 0.58175 0.92365 0.8084 0.6565 
2.3702 0.0 0.87325 1.3455 1.66075 0.6565 1.6705 0.29575 0.0 0.7872 0.728 0.60775 0.68575 0.936 0.0 0.60775 0.93835 0.8019 0.64025 
1.84755 0.0 1.3894 1.01075 1.677 0.312 1.677 0.64025 0.0 0.78235 0.7475 0.6305 1.06925 0.92625 0.0 0.63375 1.6282 1.46565 0.92625 
1.87595 0.0 1.4325 0.988 1.6835 0.29575 1.67375 0.61425 0.0 0.79535 0.73775 0.884 0.65975 0.99775 0.0 0.884 1.6241 1.48355 1.04325 
1.6155 0.0 1.6694 0.99125 1.31625 0.30875 1.6965 0.598 0.0 0.4606 0.70525 0.8905 0.663 0.98475 0.0 0.8905 1.6192 1.1586 1.053 
1.2856 0.31525 1.6621 0.988 1.62175 0.325 1.3585 0.93275 0.0 0.45815 0.6955 0.91325 0.64675 1.3065 0.0 0.91325 1.60205 1.17575 1.05625 
1.3092 0.32825 1.68645 0.975 1.638 0.312 1.651 0.624 0.0 0.46305 0.6955 0.611 0.637 1.2935 0.22295 0.90675 1.37585 1.1676 1.339 
1.3116 0.299 1.67185 1.001 1.3195 0.0 1.64775 0.6565 0.0 0.2352 0.71175 0.637 0.663 1.62825 0.49735 0.65325 1.36115 1.14145 1.64775 
1.30095 0.312 1.70605 0.988 1.32925 0.0 1.651 0.637 0.0 0.2401 0.69875 0.624 0.6565 1.6055 0.48265 0.64025 1.36115 1.14065 1.6315 
1.314 0.6084 1.42505 0.9815 1.352 0.0 1.66725 0.6175 0.0 0.24255 0.3315 0.5915 0.6565 1.59575 0.47775 0.64025 1.3636 1.148 1.62175 
1.3181 0.59375 1.4096 0.988 1.6965 0.35425 1.9825 0.3055 0.0 0.2401 0.689 0.624 0.63375 1.612 0.46795 0.61425 1.0273 0.7921 1.30975 
1.31245 0.5848 1.38845 0.69875 1.66075 0.637 1.68675 0.312 0.0 0.23275 0.6825 0.312 0.65325 1.924 0.4753 0.3185 1.03215 0.8043 1.61525 
1.31565 0.5864 1.42185 0.67925 1.664 0.65975 1.677 0.3055 0.0 0.5586 0.351 0.3185 0.64025 1.92725 0.49735 0.34125 1.00115 1.11385 1.62175 
1.62525 0.28175 1.39495 0.38025 1.68025 0.65 1.6835 0.0 0.0 0.80675 0.34775 0.2925 0.338 1.59575 0.4753 0.338 0.7937 1.1423 1.59575 
1.5943 0.2842 1.3934 0.36075 1.6965 0.67275 1.34875 0.31525 0.0 0.81175 0.34775 0.31525 0.9555 1.31625 0.23765 0.0 1.0338 1.104 1.001 
1.6138 0.2891 1.408 0.3835 2.3075 1.274 1.37475 0.312 0.0 1.2666 0.35425 0.312 0.949 1.3065 0.0 0.312 0.7962 1.1171 0.9945 
1.30345 0.9066 1.70535 0.3835 2.002 1.274 1.34875 0.338 0.3185 1.2584 0.3575 0.299 0.949 1.339 0.0 0.6175 1.0363 0.89575 1.00425 
1.32955 0.6175 1.9789 0.37375 1.98575 1.2805 1.326 0.34775 0.312 1.63785 0.35425 0.32175 0.949 1.326 0.0 0.63375 1.0322 1.2809 0.9815 
1.80495 0.6175 1.4645 0.38025 1.6315 1.6055 1.02375 0.663 0.3185 1.6257 0.0 0.30875 0.6175 1.6575 0.0 0.6305 0.70805 0.9152 0.9945 
1.80905 0.6175 1.45145 0.30225 1.64775 1.68025 0.9555 0.65 0.31525 1.64605 0.0 0.99125 0.6175 0.96525 0.0 1.3065 0.70315 0.929 0.31525 
1.82855 0.6175 1.47585 0.312 1.62825 1.677 0.92625 0.69225 0.31525 1.63215 0.0 0.98475 0.62075 1.01075 0.0 1.3 0.7056 0.9437 0.3185 
1.5043 0.92625 1.48485 0.312 1.9305 1.67375 0.91975 0.69225 0.312 1.62325 0.0 1.00425 0.62075 0.9945 0.0 1.31625 0.70315 0.925 0.299 
1.5043 0.91975 1.4759 0.299 1.94675 1.68025 0.949 0.64675 0.3185 1.6362 0.0 0.9945 0.0 0.97825 0.0 1.313 0.7056 0.9453 0.91975 
1.5092 0.95225 1.5035 0.30875 1.326 1.05625 0.93275 0.676 0.32175 1.1446 0.0 0.6825 0.0 0.65 0.2254 1.3065 0.9506 0.9641 0.6175 
1.53125 0.299 0.8282 0.299 1.326 1.06925 0.97175 0.6305 0.0 1.18625 0.31525 0.6825 0.0 0.6825 0.24255 1.0075 0.6909 1.16175 0.6175 
1.5141 0.58235 0.57175 0.30225 1.30975 1.066 0.988 0.6175 0.0 0.7905 0.3055 0.68575 0.0 0.6955 0.2352 0.99775 0.6958 0.78805 0.6175 
1.26665 0.60675 0.8395 0.3055 1.3325 0.72475 1.32275 0.286 0.0 0.7749 0.2795 0.68575 0.34125 0.3315 0.2205 0.97825 1.05175 1.18475 0.62075 
1.2495 0.60595 0.8485 0.32175 1.3195 0.7085 1.30325 0.3185 0.0 0.775 0.3055 0.0 0.33475 0.9815 0.23275 0.30875 1.0387 1.13995 1.30325 
1.2789 0.60275 0.79875 0.3055 1.365 0.73775 1.3195 0.286 0.0 0.83035 0.3185 0.0 0.32175 1.014 0.23765 0.31525 1.0151 1.1374 1.3 
1.58925 0.2891 0.81505 0.59475 0.73125 0.7475 1.313 0.58825 0.0 0.5658 0.28925 0.0 0.6305 1.32275 0.24255 0.32175 1.24455 1.1611 1.3065 
1.5917 0.27195 0.82975 0.611 0.98475 1.01075 1.326 0.58825 0.0 0.78225 0.299 0.0 0.6435 1.60875 0.2205 0.2925 1.0632 1.15375 1.01725 
1.6031 0.28175 0.82155 0.60125 1.04325 1.027 1.60225 0.9035 0.0 0.82215 0.30225 0.30225 0.637 1.599 0.22785 0.0 1.03705 1.19035 1.3 
1.88745 0.27685 1.11815 0.61425 1.32275 1.03025 1.6055 0.9165 0.0 0.8059 0.0 0.3055 0.64675 1.612 0.2303 0.0 1.04605 1.1537 1.30325 
1.8956 0.0 1.39335 0.6175 1.3065 0.9945 1.6445 0.88075 0.0 0.79115 0.37375 0.30225 0.63375 1.6055 0.22785 0.0 1.0624 1.17 1.32925 
1.8891 0.24745 1.13615 0.6305 1.339 1.0075 1.6575 0.9295 0.3315 0.80745 0.38675 0.32825 0.65 1.62175 0.24745 0.3315 0.71295 0.8246 1.352 
1.90695 0.24255 1.17195 0.97175 1.32925 0.6695 1.68025 1.19275 0.32175 0.8002 0.38025 0.299 0.91325 1.5925 0.2254 0.32175 0.69335 0.83775 0.9945 
1.87515 0.25235 1.17445 0.988 0.99125 0.9815 1.6835 1.2285 0.663 0.4606 0.7085 0.637 0.94575 1.6055 0.23275 0.33475 0.6958 0.47285 0.99775 
1.5689 0.2597 0.8339 1.3 0.94575 0.962 1.6965 1.50475 0.68575 0.441 0.702 0.6435 0.65 1.3 0.4606 0.65325 0.72275 0.23765 1.6315 
1.56235 0.25235 0.8494 1.2935 0.67275 0.67275 1.38775 1.8395 0.66625 0.2303 0.6955 0.99775 0.89375 1.2935 0.67375 1.26425 0.7154 0.23275 1.3195 
1.54445 0.2548 0.8364 1.2935 0.6695 0.67925 1.365 1.8525 0.67275 0.2205 0.71175 0.95875 0.95225 1.3 0.686 1.248 0.70805 0.245 1.3 
1.2397 0.55945 0.8804 1.3 0.3835 0.66625 1.352 1.8525 0.64025 0.23765 0.6955 0.9165 0.95875 1.3 0.68355 1.235 0.71295 0.2303 1.287 
1.25685 0.557 0.86325 1.2935 0.38025 0.68575 1.38125 1.8525 0.65975 0.2352 0.71175 0.98475 0.91325 1.29675 0.6909 1.2545 0.7007 0.2303 1.313 
1.51655 0.31525 0.85915 1.62175 0.377 0.702 1.04975 1.84275 0.338 0.23765 0.715 1.001 0.5655 1.30325 0.6664 0.9295 0.73255 0.22785 1.30975 
1.5288 0.32175 0.85585 1.64775 0.36725 0.6825 1.32925 1.5405 0.34125 0.24255 0.7085 1.2675 0.29575 1.0075 0.686 1.23175 0.7154 0.2254 1.3065 
1.51655 0.32175 0.8681 1.638 0.689 0.34775 1.33575 1.5405 0.0 0.56755 0.364 0.91325 0.32175 0.9945 0.68355 1.2155 0.71295 0.54795 1.2935 
1.519 0.30225 0.8437 1.34225 1.00425 0.3445 1.3455 1.261 0.0 0.78635 0.37375 0.95225 0.611 1.32275 0.4557 0.923 0.72275 0.57565 0.69875 
1.50185 0.3185 0.86975 1.32275 1.014 0.3445 1.677 0.89375 0.0 0.80275 0.377 0.6305 0.3055 1.01075 0.7007 0.936 0.4606 0.5504 1.2935 
1.49695 0.32825 0.8844 1.3 1.02375 0.36075 1.378 0.5785 0.325 1.05675 0.38025 0.62725 0.62075 1.01075 0.4655 0.91975 0.44345 0.54305 0.99775 
