43.5162 25.6302 7.41 23.595 23.946 3.666 15.912 0.0 19.695 17.7462 0.0 7.683 11.934 0.0 10.0536 7.332 2.7636 8.19 0.0 
3.65655 2.12265 0.6175 1.937 1.91425 0.32175 1.30975 0.0 1.651 1.46105 0.0 0.637 0.9945 0.0 0.84745 0.6175 0.23765 0.67925 0.0 
3.14615 2.1007 1.132 1.612 1.599 0.30875 1.32925 0.3445 1.25775 1.514 0.0 0.299 1.339 0.0 0.7806 0.63375 0.93485 1.36175 0.3445 
3.14455 2.05925 1.1263 0.9425 1.6315 0.97175 0.97825 0.663 1.3 1.47485 0.0 0.36075 0.95225 0.0 0.84915 0.65325 0.903 1.365 0.66625 
2.87095 2.0901 1.4015 0.91975 1.21875 0.99125 0.936 0.65975 0.95225 1.45695 0.0 0.37375 0.9425 0.0 0.48265 0.68575 0.91445 0.99775 0.65975 
2.28445 1.4937 1.38845 0.91 1.209 1.6185 1.209 0.94575 0.338 1.47645 0.0 0.377 0.94575 0.325 0.4998 0.702 0.903 1.01725 1.274 
1.64655 0.8519 1.39415 0.31525 1.26425 1.599 1.55675 1.29025 0.0 1.26005 0.0 0.9815 0.94575 0.63375 0.23765 1.29675 1.3734 1.01725 1.287 
1.33775 0.5464 1.3966 0.0 0.94575 1.29675 1.2675 1.235 0.0 0.7897 0.0 1.001 0.33475 0.598 0.4606 1.61525 1.62005 1.001 1.261 
1.33535 0.23275 1.07075 0.0 0.64025 1.59575 1.287 1.22525 0.0 0.3315 0.0 0.99775 0.637 0.58825 0.45815 1.6055 1.84545 1.25085 1.261 
1.3427 0.0 1.3035 0.0 0.637 1.59575 1.2805 1.25125 0.0 0.637 0.0 0.98475 0.62725 0.5915 0.4802 1.62175 1.81605 1.5596 1.2805 
1.84005 0.0 0.8086 0.0 0.62075 2.275 1.2415 1.2415 0.0 0.624 0.0 0.98475 0.299 0.9815 0.47775 1.62175 1.1417 0.8641 0.9295 
1.3468 0.51205 0.79225 0.0 0.637 1.599 0.94575 0.97825 0.377 0.93925 0.0 0.6175 0.299 0.97175 0.7604 1.90775 1.1662 0.8771 0.62075 
1.34515 0.5145 0.79145 0.0 0.637 1.599 0.96525 0.936 0.37375 0.61425 0.3315 0.61425 0.30225 0.949 0.7718 1.91425 1.1564 0.54315 0.6175 
1.34755 0.51205 0.80855 0.3185 0.663 1.287 1.30325 0.91 0.38025 0.62075 0.34125 0.6175 0.30875 0.9295 0.5391 1.61525 1.38915 0.55695 0.6175 
1.33455 0.51205 0.798 0.28925 0.637 1.3065 1.2545 0.988 1.001 1.0765 0.325 0.0 0.598 0.637 0.52685 1.60225 0.9261 0.55455 0.93275 
1.359 0.5145 0.7955 0.299 0.6435 1.3065 1.57625 1.28375 0.99125 1.07975 0.338 0.6175 0.61425 0.94575 0.77425 1.30325 0.6958 0.5407 1.54375 
1.35405 0.5145 0.81505 0.30875 0.93275 0.99125 1.53725 1.3065 0.975 1.55175 0.62075 0.61425 0.28275 0.96525 0.7848 1.3 0.4655 0.30225 1.5665 
1.35735 0.73745 0.5758 0.31525 0.936 0.9815 1.51775 1.30325 0.9945 1.23325 0.637 0.6175 0.26975 0.98475 0.76775 1.29675 0.46795 0.0 1.586 
1.3728 0.7448 0.58145 0.30225 0.962 0.99775 1.53725 1.3065 1.00425 1.22675 0.63375 0.6175 0.2925 0.975 0.76125 1.3 0.4655 0.0 1.56 
1.87505 0.2401 0.58145 0.585 1.36175 1.01075 1.872 1.27725 1.001 0.931 0.63375 0.62075 0.3185 1.24475 0.46795 1.001 0.4655 0.0 1.83625 
2.12095 0.2401 0.3055 0.624 1.68025 0.9815 1.85575 1.30325 0.99125 1.295 0.6305 0.6175 0.2795 1.274 0.4655 0.99125 0.4655 0.36725 1.88175 
2.1348 0.23275 0.312 0.30225 1.99225 0.99125 1.22525 1.001 1.61525 1.50825 0.6435 0.6175 0.5785 0.94575 0.4655 1.61525 0.23275 0.3445 1.27075 
2.485 0.23275 0.65975 0.31525 2.2945 1.59575 1.56325 0.637 0.9815 1.2583 0.611 0.6175 0.29575 0.988 0.4655 0.9815 0.2401 0.6017 0.93275 
2.433 0.22785 0.60775 0.30225 2.31725 1.58275 1.23825 0.36075 1.3 1.51145 0.62725 0.0 0.286 0.663 0.0 1.3065 0.4802 0.58045 0.30225 
2.48425 0.2205 0.64675 0.30225 2.249 1.6185 1.248 0.35425 1.29675 1.2616 0.33475 0.0 0.3185 0.6565 0.0 1.29675 0.4655 0.83285 0.30225 
2.4468 0.2401 0.624 0.312 2.275 1.612 1.26425 0.35425 1.29675 1.24935 0.338 0.0 0.3055 0.66625 0.0 1.29675 0.4753 0.8402 0.31525 
1.9396 0.4949 0.89345 0.29575 2.27825 0.91325 0.91325 0.68575 1.32925 1.6028 0.325 0.0 0.29575 0.29575 0.0 1.3325 1.1439 1.1969 0.9815 
1.9079 0.49735 0.8642 0.0 1.92725 1.612 0.923 0.988 0.91975 1.60775 0.33475 0.0 0.3055 0.3835 0.0 0.91975 1.16105 1.16835 1.3715 
1.68075 0.48265 1.15155 0.0 1.55025 1.61525 0.93275 0.99775 0.923 1.2584 0.33475 0.0 0.312 0.3705 0.0 0.923 1.148 0.82305 1.36825 
1.99595 0.47775 1.4937 0.0 1.5015 1.30325 0.93275 0.99775 0.30225 1.22085 0.3185 0.0 0.0 0.3705 0.0 0.30225 0.92015 1.086 1.36825 
1.65715 0.47285 1.15245 0.0 1.248 0.6825 0.57525 1.3195 0.325 1.0298 0.32825 0.27625 0.0 0.3835 0.0 0.6045 1.37175 0.83195 1.70625 
1.68155 0.48265 1.1597 0.0 1.534 0.988 0.611 1.3065 0.0 1.0028 0.33475 0.60775 0.0 0.37375 0.0 0.60775 1.38645 0.8467 1.6835 
1.3598 0.4949 0.82325 0.0 1.27725 0.9945 0.60125 1.29025 0.0 1.04275 0.64675 0.6175 0.0 0.38675 0.0 0.6175 1.384 0.8141 1.6835 
1.3059 0.2499 1.1246 0.0 1.29025 0.9815 0.58825 1.3325 0.0 1.37905 0.6175 0.5785 0.0 0.377 0.0 0.5785 1.3938 1.1911 1.7095 
1.8286 0.0 0.83635 0.0 1.352 1.69 0.5785 1.339 0.0 1.081 0.65 0.5915 0.338 0.72475 0.0 0.5915 0.6909 0.83355 1.3715 
1.3091 0.51695 0.88035 0.0 1.625 1.31625 0.299 1.001 0.0 1.41395 0.6175 0.60775 0.338 0.6695 0.0 0.611 1.0582 0.8678 0.9815 
1.06245 0.784 0.864 0.0 1.287 1.29025 0.312 0.988 0.0 1.8056 0.3055 0.6175 0.325 0.65975 0.0 0.6175 1.08095 1.22935 0.936 
0.7448 0.77665 0.539 0.3055 1.29025 1.28375 0.58825 1.0205 0.312 1.55905 0.30225 0.884 0.32825 0.65975 0.0 1.196 1.55705 0.96565 0.96525 
0.75705 0.77175 0.53165 0.3055 1.29675 1.30975 0.3055 1.30325 0.30875 1.55265 0.3055 0.897 0.3315 0.936 0.0 1.20575 1.5285 0.938 0.98475 
0.75215 0.7889 0.52185 0.30875 0.98475 0.99125 0.61425 1.60875 0.312 1.3377 0.29575 0.90675 0.3445 0.93925 0.2303 0.91325 1.5489 0.97705 1.28375 
1.0747 0.7791 0.85665 0.33475 1.2805 0.98475 0.63375 1.599 0.28275 1.35 0.0 0.95875 0.34125 0.96525 0.2254 0.9425 1.55705 0.9477 1.23825 
1.0495 0.7791 0.8339 0.299 1.3065 0.9945 0.6175 1.6185 0.3185 1.3231 0.0 0.90025 0.3315 0.94575 0.2401 0.9035 1.52935 0.9681 1.29675 
0.8069 1.0437 0.83385 0.30225 1.64775 0.9945 0.6175 1.61525 0.31525 1.34995 0.0 0.8905 0.0 1.2675 0.23765 0.8905 1.53505 0.97455 0.97175 
1.122 0.5096 1.1073 0.32175 1.34225 1.06275 0.61425 1.5925 0.29575 0.9893 0.0 1.28375 0.0 0.97175 0.22295 1.28375 1.47825 1.24745 0.62725 
1.0968 0.7644 0.8322 0.32175 1.32275 1.0595 0.62725 1.61525 0.6305 0.61465 0.351 1.3195 0.0 1.00425 0.23275 1.64125 1.8097 1.24835 0.61425 
1.08465 0.7693 0.79065 0.0 0.99125 1.68025 0.31525 1.612 0.34125 0.5837 0.34125 0.988 0.30875 1.27725 0.23765 1.014 1.80155 1.24355 0.9555 
1.11715 0.76685 0.83295 0.0 1.03675 1.69 0.6045 1.3455 0.325 0.61795 0.3575 1.326 0.31525 1.32925 0.24255 1.32925 1.7861 1.2158 0.62725 
1.09515 0.7693 0.833 0.0 1.03675 1.6835 0.286 1.01725 0.338 0.6171 0.3445 1.287 0.60775 1.32275 0.2205 1.33575 1.82765 1.2459 0.3055 
1.06585 0.76685 0.8282 0.0 1.014 1.664 0.3055 0.99775 0.31525 0.60565 0.36725 1.29675 0.64025 1.29025 0.23765 1.29675 1.7934 1.25735 0.2925 
1.15075 0.98245 0.53825 0.0 0.92625 1.6835 0.30225 1.001 0.32825 0.2303 0.35425 1.30975 0.62075 1.313 0.2352 1.326 1.8032 0.8722 0.312 
1.39415 0.74235 0.52195 0.32825 0.60125 1.365 0.273 0.702 0.338 0.2254 0.34775 1.326 0.63375 1.00425 0.23765 1.34875 1.7975 0.87385 0.30225 
1.37615 0.75705 0.53825 0.7085 0.624 0.96525 0.6565 0.6825 0.34775 0.2303 0.338 0.90675 0.58825 1.37475 0.21805 0.96525 1.83495 0.8917 0.69225 
1.37455 0.4753 0.8086 0.71175 0.611 0.962 0.67925 0.6565 0.0 0.5439 0.0 0.936 0.64675 1.3195 0.2401 0.6175 1.4676 0.8698 0.663 
1.39085 0.49 0.7906 1.03675 0.9165 0.34775 0.69225 0.975 0.0 0.79615 0.0 0.92625 0.30875 1.0465 0.23275 0.6175 1.23165 0.8665 0.702 
1.37045 0.48265 0.81185 1.00425 0.92625 0.351 0.364 1.27725 0.0 0.7856 0.0 0.31525 0.64675 1.0465 0.23765 0.0 1.2446 0.88115 0.95875 
1.39085 0.4704 0.8102 1.01075 0.91975 0.35425 0.67275 1.5795 0.0 0.78725 0.0 0.6175 0.3575 1.404 0.46795 0.0 1.01025 0.86895 1.56325 
1.0976 0.77595 0.78085 1.03675 0.59475 0.36075 0.69875 1.6185 0.0 0.7839 0.0 0.6175 0.3185 1.3715 0.46795 0.0 1.01195 0.8828 1.63475 
1.078 0.77675 0.8037 1.03675 0.598 0.3445 0.676 1.59575 0.0 0.77415 0.0 0.6175 0.299 1.326 0.4655 0.0 1.03065 0.8836 1.638 
0.5635 1.0617 1.05925 0.68575 0.63375 0.0 0.702 1.92075 0.0 1.14885 0.0 0.6175 0.33475 1.01725 0.4655 0.0 1.68055 1.20855 2.27175 
0.50225 1.0397 1.12545 0.60125 0.624 0.0 0.6045 1.91425 0.0 1.13175 0.0 0.91325 0.34775 0.6565 0.4655 0.29575 1.7683 1.3069 1.87525 
0.51695 1.02915 1.08305 0.624 0.61425 0.0 0.611 1.898 0.0 1.1211 0.0 0.93275 0.325 0.64675 0.4655 0.31525 1.7423 1.2907 1.90125 
0.5292 1.0046 1.11485 0.64675 0.58175 0.0 0.624 1.93375 0.0 1.08125 0.0 0.93275 0.2925 0.60125 0.7154 0.64675 1.512 1.27035 1.9565 
0.50715 1.03965 1.13275 0.8775 0.9165 0.0 0.95225 1.29675 0.0 1.358 0.0 0.9165 0.0 0.62725 0.68355 0.5915 1.3159 1.2971 1.924 
0.5145 1.02665 1.11485 0.897 0.884 0.0 0.95225 1.3065 0.0 1.32125 0.0 0.611 0.0 0.338 0.46795 0.62075 1.54705 1.3126 1.6445 
0.8264 0.7448 1.14245 0.897 1.21875 0.0 0.923 1.29675 0.0 1.3571 0.0 0.585 0.0 0.338 0.4655 0.6175 1.56905 1.28485 1.63475 
0.8216 0.4949 1.36795 0.949 1.261 0.0 0.923 1.30975 0.0 1.68875 0.0 0.62725 0.0 0.29575 0.47285 0.624 1.5095 1.5888 1.6055 
0.81835 0.7693 1.0903 0.897 1.547 0.33475 0.94575 1.30325 0.34775 1.32785 0.0 0.962 0.0 1.014 0.46795 0.611 0.86045 1.263 0.95225 
1.1172 0.7546 0.81585 1.2675 1.54375 0.33475 1.34225 1.313 0.34775 1.30755 0.0 0.9945 0.0 1.378 0.47775 0.6305 0.4753 0.8494 1.32925 
1.11965 0.7791 0.784 1.274 1.52425 0.325 1.29675 1.274 0.35425 0.97685 0.35425 0.93925 0.0 1.391 0.44835 0.61425 0.5047 0.52195 1.3065 
1.1164 0.77665 0.80035 0.988 1.25125 0.9425 1.31625 1.001 0.3575 0.77345 0.34775 1.26425 0.0 1.70625 0.49 0.91975 0.67865 0.53335 1.34225 
1.1074 0.7742 0.81585 0.68575 0.9685 0.949 1.6185 1.001 0.663 0.79135 0.34125 1.29025 0.6175 1.36825 0.7007 1.54375 0.4655 0.5439 0.99775 
1.11475 0.7889 0.79625 0.68575 0.97175 0.95875 1.6055 0.98475 0.61425 0.7636 0.364 1.25125 0.62075 1.378 0.96285 1.859 0.22785 0.54065 0.99775 
0.7889 0.7742 0.48755 0.67925 0.65 0.9555 1.6185 1.001 0.6175 0.753 0.6565 1.27725 0.6175 1.36175 0.9506 1.833 0.2401 0.54475 1.00425 
0.79625 1.0094 0.2499 0.6825 0.3315 1.25775 1.599 0.98475 0.96525 0.4508 0.6435 1.25775 0.92625 1.378 0.94815 2.17425 0.21805 0.245 0.99775 
0.79625 1.01185 0.2401 0.67925 0.0 0.9165 1.937 0.663 0.60775 1.14475 0.676 0.923 1.248 0.68575 0.93835 2.15475 0.9071 0.2303 1.34875 
0.7987 1.00205 0.2548 0.30225 0.0 1.29675 1.54375 0.663 0.585 1.12105 0.6435 1.29025 1.2415 0.312 0.95305 2.535 0.9128 0.2401 0.975 
1.0486 0.7399 0.26705 0.30875 0.32825 1.29025 1.573 0.663 0.56875 1.44685 0.30875 1.30975 1.25125 0.3055 0.95795 2.522 0.9177 0.561 0.9685 
1.0388 0.7546 0.2597 0.3055 0.338 1.313 1.573 0.64675 0.6175 1.4607 0.2925 1.3065 1.2805 0.29575 0.931 2.5415 0.9226 0.58055 0.9425 
1.04125 0.7497 0.26705 0.2925 0.62725 1.61525 1.55675 0.65975 0.31525 1.46155 0.299 1.64125 0.65 0.28925 0.68355 2.23925 1.1733 0.56835 0.949 
1.0535 0.7448 0.2597 0.312 0.99125 1.95 1.2675 0.3445 0.6045 1.97355 0.31525 1.274 0.64675 0.637 0.23765 2.19375 1.13165 0.56585 0.9815 
