43.1154 25.68 7.41 23.79 24.336 3.51 16.107 0.0 19.656 17.7174 0.0 7.566 12.012 0.0 10.1214 7.332 2.793 8.229 0.0 
3.41145 2.3995 0.62075 1.94025 1.92075 0.6955 1.30325 0.0 1.63475 1.84615 0.0 0.64675 1.35525 0.0 0.83285 0.62725 0.60245 0.68575 0.0 
3.11925 2.6324 0.61425 1.61525 1.61525 1.01075 0.99775 0.6825 1.63475 1.8576 0.0 0.29575 1.37475 0.338 0.81075 0.975 0.62285 0.68575 0.3445 
2.8326 2.6267 0.90415 0.92625 1.612 1.30975 0.61425 0.988 1.6185 1.86005 0.0 0.0 0.97825 0.34125 0.8157 0.65 0.9778 1.066 0.64675 
2.33275 2.8872 1.1565 0.93275 0.923 1.32925 0.6305 1.001 1.313 1.85345 0.0 0.0 0.9945 0.33475 0.48755 0.66625 0.98515 0.70525 0.66625 
1.72985 2.26395 1.16875 1.21875 0.91 1.664 0.9165 0.9945 0.69875 1.83555 0.0 0.0 0.99775 0.949 0.26215 0.351 1.213 0.68575 1.28375 
1.0684 1.65545 1.1712 0.6435 0.9165 1.59575 1.56 0.9815 0.3575 1.63625 0.0 0.0 1.3 1.261 0.0 0.3575 1.69965 0.71175 1.5925 
0.7857 1.34345 1.16385 0.32175 0.61425 1.30975 1.248 0.99125 0.97175 1.6395 0.0 0.312 0.68575 1.5665 0.0 0.65975 1.68665 0.7085 1.90125 
0.47775 1.341 0.8608 0.30875 0.31525 1.30975 1.222 0.97825 0.95875 1.40675 0.0 0.30875 0.65 1.599 0.0 0.65 1.685 0.95585 1.9045 
0.7252 0.811 1.13685 0.30225 0.36075 0.95875 1.2285 0.99125 0.96525 1.38075 0.0 0.30225 0.26975 1.599 0.0 0.663 1.30475 1.289 1.92725 
0.9751 0.579 1.14575 0.6565 0.37375 0.94575 1.235 0.6435 0.6175 1.4198 0.0 0.3055 0.2925 1.59575 0.0 0.312 1.31615 1.31495 1.55675 
1.2495 0.56185 0.87545 0.663 0.37375 1.3065 0.9425 0.34125 0.61425 1.39785 0.0 0.62075 0.31525 1.91425 0.0 0.637 0.92855 0.91275 1.573 
1.5141 0.30225 0.8388 0.62725 0.73775 1.34875 0.9165 0.35425 0.6175 1.42865 0.0 0.6305 0.2795 2.002 0.0 0.6045 0.931 0.97865 1.6445 
1.51655 0.312 0.8502 0.637 1.03675 1.03675 0.92625 0.35425 0.6175 1.66145 0.0 0.60775 0.26975 1.7095 0.0 0.60125 0.69825 0.95505 1.35525 
1.52145 0.32825 0.85745 0.64675 1.001 1.027 0.60125 0.676 0.61425 1.6436 0.0 0.59475 0.61425 1.66075 0.0 0.624 0.7007 0.92085 0.98475 
1.5435 0.31525 0.82975 0.66625 1.02375 1.027 0.65 0.64025 0.0 1.19345 0.0 0.61425 0.6175 1.65425 0.23275 0.3055 0.9457 0.96805 1.014 
1.8245 0.312 1.1516 0.637 1.339 1.02375 0.58175 0.67925 0.0 1.4206 0.0 0.6175 0.6175 1.68025 0.2401 0.299 0.9163 0.715 1.001 
1.85055 0.29575 1.14425 0.65 0.9815 1.3975 0.60125 0.6695 0.0 1.05005 0.0 1.00425 0.6175 1.66075 0.60895 0.3185 0.931 0.728 0.988 
1.58025 0.29575 1.40805 0.65 0.975 1.06275 0.60125 0.69225 0.0 1.05 0.0 0.975 0.6175 1.326 0.5983 0.3055 1.30975 1.0985 1.34225 
1.05105 0.8135 1.4309 0.64025 1.34875 0.767 0.624 0.65975 0.3055 1.04355 0.0 1.0855 0.6175 0.936 0.6301 0.6825 1.28605 1.09525 0.988 
0.79385 1.0756 1.426 0.64025 0.988 0.741 0.6045 0.67275 0.31525 1.03545 0.0 1.05625 0.6175 0.93925 0.6114 0.68575 1.2771 1.0595 0.97175 
0.81175 1.0626 1.41375 0.64675 0.7085 1.0595 0.27625 0.9945 0.29575 0.80025 0.0 1.0725 0.6175 0.962 1.07365 1.3 1.03705 1.0465 1.274 
0.802 1.06745 1.4317 0.64025 1.0335 1.3975 0.0 1.28375 0.299 1.04855 0.0 1.326 0.0 1.222 1.05815 1.58925 0.80995 1.04975 1.27075 
0.81095 1.06505 1.4162 0.6695 1.31625 1.6575 0.30225 1.5925 0.31525 1.27635 0.0 1.3455 0.0 1.222 1.06385 1.6055 0.57235 1.053 1.5795 
0.4753 1.0536 1.12955 0.637 0.988 1.68025 0.312 1.586 0.31525 1.01185 0.0 1.3715 0.0 1.23175 1.08175 1.6055 0.5813 1.2939 1.586 
0.4753 1.35005 0.8331 0.63375 1.41375 1.34225 0.299 1.5795 0.30225 1.04935 0.0 0.962 0.0 1.2415 0.6909 1.58275 0.5682 0.9291 1.5925 
0.4753 1.6285 0.5709 0.30225 1.3975 1.66075 0.32175 1.924 0.30875 1.40765 0.0 0.96525 0.0 1.55675 0.70805 1.56975 0.5576 0.5732 1.58925 
0.4949 1.0871 1.06995 0.32175 0.99125 1.2545 0.3055 1.92725 0.39 1.77155 0.0 0.6045 0.0 1.5535 0.99155 1.599 0.57315 1.26385 1.5795 
0.73745 0.83635 1.0887 0.325 1.30325 1.25125 0.30225 1.9305 0.37375 1.73335 0.0 0.61425 0.0 1.5665 0.99965 1.61525 0.58215 1.24515 1.58275 
0.73745 0.8494 1.08215 0.30875 1.3585 1.2935 0.611 1.60225 0.38025 1.7863 0.0 1.2025 0.0 1.2675 0.5301 1.58275 1.02965 1.25245 0.9685 
0.7252 0.85185 1.09195 0.31525 0.99775 0.936 0.90025 1.3455 0.36075 1.48595 0.0 1.54375 0.0 0.9815 0.5594 1.91425 1.2763 1.24025 0.962 
0.7203 0.84945 1.07975 0.3055 0.70525 0.64025 0.598 1.01075 0.377 1.28245 0.0 1.54375 0.0 0.962 0.53825 1.92075 1.52125 1.2533 0.66625 
1.0185 0.55615 1.07485 0.28275 0.715 0.9555 0.60125 0.98475 0.3835 1.0725 0.0 1.833 0.0 0.9295 0.75305 1.92075 1.5286 1.2598 0.65975 
1.05925 0.54145 1.08375 0.3185 0.7085 0.9425 0.598 1.0205 0.37375 1.06925 0.0 1.8655 0.0 0.988 0.7865 1.9175 1.51065 1.2573 0.67275 
0.78325 0.7938 1.09195 0.3055 0.69225 0.61425 0.572 1.03025 0.728 1.0465 0.0 1.8525 0.0 0.663 0.76695 2.25875 1.49765 1.2427 1.001 
0.99815 0.7987 0.83155 0.299 0.7085 0.9035 0.8905 1.31625 0.338 0.6825 0.0 1.807 0.0 0.62075 0.4312 1.573 1.90725 0.97305 1.2805 
0.77345 1.31565 0.5848 0.2925 0.377 0.94575 0.92625 1.29675 0.3315 0.702 0.33475 1.84925 0.0 0.60775 0.4655 1.5665 1.88605 0.95345 1.313 
0.7832 1.62845 0.91225 0.0 0.99125 0.62725 0.59475 1.32925 0.637 0.7215 0.31525 1.2545 0.0 0.6565 0.4802 1.2545 1.6435 1.20975 1.31625 
0.74575 1.62115 0.8871 0.0 0.99775 0.5915 0.62725 1.27075 0.64025 0.7085 0.32825 1.22525 0.0 0.6045 0.45815 1.2675 1.6712 1.2163 1.3 
0.7588 1.6073 0.87405 0.0 0.9945 0.60125 0.6435 1.274 0.975 0.9527 0.32825 0.91325 0.0 0.28275 0.441 1.88175 1.4336 1.1927 0.99125 
0.4655 2.2158 1.2064 0.0 0.97825 0.299 0.60775 1.28375 1.2545 1.15045 0.34125 0.6175 0.0 0.30875 0.2352 2.184 1.6533 0.94935 0.9815 
0.2254 2.473 1.2186 0.0 0.62075 0.98475 0.62075 1.2805 1.25775 1.85325 0.325 0.988 0.31525 0.299 0.6049 2.19375 1.9775 0.9762 0.98475 
0.2303 1.94875 1.7209 0.0 0.6175 0.99125 0.9945 0.9295 0.91325 1.5023 0.338 0.9945 0.65 0.27625 0.6114 1.84925 2.30005 1.6351 0.65325 
0.51695 1.96175 1.44725 0.32175 0.6175 1.0465 0.9945 0.62725 0.936 1.5275 0.3185 0.99775 0.637 0.96525 0.60075 1.84925 1.9141 1.2874 1.0335 
0.76195 1.418 1.6818 0.30875 0.949 1.05625 0.94575 0.663 0.936 1.4787 0.0 1.0075 0.62075 0.988 0.6244 1.872 1.92395 1.2239 1.04 
0.77175 1.132 1.3974 0.29575 0.9555 1.0725 0.93275 0.66625 0.92625 1.7261 0.0 1.001 0.6305 0.9945 0.6138 1.8525 1.9133 1.0205 1.04 
0.77665 1.12875 1.38355 0.30875 0.96525 1.0595 0.6435 0.96525 0.91325 1.7293 0.0 0.364 0.93925 0.96525 0.60165 1.23175 1.93605 1.0335 1.365 
0.7546 1.13445 1.40885 0.92625 1.5535 1.0595 0.949 1.2805 0.6175 1.93525 0.0 0.37375 1.21875 0.95225 0.37375 0.6175 1.92875 1.00425 1.69975 
0.76685 0.8013 1.061 0.91325 1.56975 1.066 0.9425 1.27075 0.2925 1.9458 0.0 0.36725 1.261 0.98475 0.36725 0.2925 1.6805 1.2655 1.651 
0.9996 0.5848 1.0895 0.93925 1.93375 0.364 0.95875 1.27725 0.28925 1.2715 0.0 0.0 0.95225 1.001 0.0 0.28925 1.36605 1.24595 1.651 
0.9849 0.59215 1.0944 0.92625 1.94025 0.37375 1.313 0.91325 0.31525 1.24785 0.0 0.351 0.93925 0.9685 0.351 0.31525 1.0371 1.2427 1.30975 
0.7693 0.8192 1.07645 0.6175 2.3465 0.0 0.99125 0.92625 0.312 1.9466 0.0 0.36075 0.897 0.26325 0.36075 0.312 1.7139 1.2614 0.663 
0.50715 1.0618 1.07975 0.6175 1.97925 0.0 0.98475 0.936 0.312 1.9295 0.0 0.34775 0.9295 0.2925 0.34775 0.312 1.72445 1.25655 0.6435 
0.5292 1.05035 1.07485 0.6175 1.36175 0.6175 1.27075 1.2155 0.0 1.7065 0.0 0.3445 0.96525 0.6565 0.3445 0.0 1.958 1.2598 1.22525 
0.8607 1.3997 1.0968 0.6175 1.378 0.95225 1.9435 0.624 0.0 1.97195 0.0 0.34775 0.6565 0.57525 0.34775 0.0 1.6959 1.24185 1.19925 
0.8476 1.4112 1.07565 0.0 0.741 0.949 1.911 0.61425 0.0 1.5007 0.0 0.6565 0.338 0.58825 0.5797 0.0 1.91965 1.25815 1.2025 
1.123 1.09915 1.0798 0.0 0.75075 1.23825 1.885 0.585 0.0 1.2501 0.0 0.6435 0.61425 0.6045 0.5723 0.0 2.15815 1.2509 1.1895 
0.87895 0.7735 1.5975 0.0 1.06275 1.21225 1.91425 0.61425 0.0 1.5392 0.38025 0.66625 0.6305 0.637 0.5919 0.0 2.17775 1.5596 1.2545 
1.45035 0.80925 1.09435 0.0 1.06925 1.95 1.5665 0.99125 0.0 1.5751 0.377 0.31525 0.31525 0.9555 0.23765 0.0 1.83235 0.8681 1.21875 
1.6587 0.58955 1.0667 0.29575 0.6825 2.314 1.963 1.64775 0.0 0.9056 0.36725 0.3185 0.58825 1.23175 0.2401 0.0 1.11965 0.8958 1.6055 
1.9045 0.3315 1.08545 0.312 1.00425 2.31075 1.9175 1.62825 0.0 0.56515 0.689 0.28925 0.61425 1.26425 0.21805 0.0 1.15885 0.55535 1.56975 
1.894 0.312 1.06995 0.59475 1.0205 1.99875 1.6575 1.63475 0.0 0.54395 0.71175 0.64675 0.89375 1.23825 0.2401 0.32825 1.1466 0.5513 1.00425 
1.58115 0.0 1.0838 0.624 1.014 1.66075 1.638 1.651 0.0 0.312 0.70525 0.9295 0.92625 1.28375 0.47285 0.92625 1.15395 0.5521 0.9945 
1.573 0.0 1.08545 0.611 1.0075 1.677 1.326 1.34875 0.30225 0.5301 0.70525 0.5915 0.91 1.313 0.2597 1.23825 1.13925 0.54235 0.72475 
1.2838 0.0 0.77665 0.62075 1.0205 1.365 1.326 1.3585 0.325 0.77675 1.0335 0.58175 0.62075 1.31625 0.25725 1.248 0.89915 0.53175 0.7215 
1.51655 0.2793 0.2597 0.6045 0.33475 1.7485 1.3195 1.326 0.67275 0.44835 0.62725 0.6305 0.975 1.2675 0.2352 1.61525 0.93345 0.245 0.6825 
1.2544 0.27685 0.5243 0.59475 0.32825 1.4105 1.3455 1.32275 0.676 0.46795 0.64025 0.62075 1.30975 1.25125 0.2352 1.60875 1.26735 0.57155 0.69875 
0.9751 0.2744 0.80605 0.3055 0.3315 1.3195 0.95225 0.65325 0.66625 0.45325 0.6305 0.89375 1.00425 0.988 0.6391 2.2815 1.2535 0.9616 0.33475 
0.9947 0.28175 0.784 0.312 0.34775 1.339 0.95225 0.65975 0.689 0.8157 0.3055 0.88075 1.02375 1.01075 0.6351 2.29125 1.2249 1.29145 0.351 
1.0045 0.28665 0.76685 0.299 0.364 1.365 1.5665 0.6695 0.69225 0.82215 0.29575 0.61425 0.71175 0.9685 0.6106 1.9955 1.2527 1.31425 0.936 
0.99225 0.28665 0.78155 0.286 0.35425 1.36825 1.55025 0.689 1.0075 1.05495 0.30225 0.6175 0.702 0.949 0.38675 1.37475 1.2454 1.3004 0.9165 
0.99715 0.28175 0.7791 0.312 0.67275 1.664 1.56 0.65975 0.6565 1.04435 0.31525 0.91325 0.702 0.99775 0.37375 1.378 1.26905 1.28085 0.95225 
0.9751 0.27685 0.8085 0.30875 0.65 1.62175 1.57625 0.65 0.63375 1.00275 0.30225 0.871 0.7085 1.001 0.39 1.36175 1.309 1.31585 0.97175 
1.01675 0.27195 0.77175 0.3055 1.0205 1.27075 1.56325 0.66625 0.28925 1.0255 0.28925 0.897 0.3315 0.98475 0.377 0.9815 1.28455 1.31995 0.9425 
0.98 0.2793 0.8036 0.28275 1.36175 0.94575 1.5795 0.676 0.66625 1.04195 0.30225 1.27725 0.0 0.5785 0.38025 0.99125 1.26735 1.29715 1.25775 
1.2789 0.2842 0.49735 0.65 1.41375 0.975 1.93375 1.313 0.6305 1.06225 0.31525 0.9555 0.0 0.6565 0.0 0.325 1.27145 0.92985 1.9695 
1.2544 0.29155 0.5145 0.60775 1.37475 0.99775 1.97275 1.32275 0.64025 0.6664 0.62075 0.94575 0.0 0.64025 0.0 0.3055 1.28375 0.5708 1.96625 
1.2642 0.28665 0.5096 0.59475 1.365 0.99775 1.64775 1.01075 0.637 0.6517 0.62725 1.55025 0.0 0.338 0.0 0.91325 1.296 0.57325 1.352 
1.2789 0.2744 0.5047 0.60775 1.3715 1.00425 1.651 1.01075 0.65325 0.686 0.6435 1.58275 0.0 0.3185 0.0 0.9295 1.26415 0.56835 1.3325 
1.24705 0.27685 0.53165 0.611 1.03025 0.689 1.6445 1.027 0.65975 0.4753 0.6305 1.59575 0.0 0.611 0.2401 0.6175 1.2608 0.57725 1.64125 
