43.4082 26.1378 7.41 23.205 23.673 3.939 15.678 0.0 19.734 17.6004 0.0 7.917 11.739 0.0 9.9936 7.761 2.9106 8.19 0.0 
3.3716 1.85575 1.132 1.963 2.29775 0.30225 1.32275 0.0 1.59575 1.7951 0.3835 0.6305 0.99775 0.0 0.80505 0.6175 0.23765 0.9815 0.0 
3.3911 1.833 1.12955 1.61525 1.9955 0.9815 1.35525 0.32175 1.2935 1.78035 0.38025 0.30225 0.99775 0.32175 0.83285 0.60775 0.2303 0.98475 0.0 
3.36185 1.86225 1.132 0.936 1.97275 1.66075 0.975 0.637 1.29675 1.8039 0.364 0.0 0.6175 0.7085 0.8239 0.31525 0.23765 1.001 0.6825 
2.8758 2.1121 1.39825 0.90675 1.2675 1.69 0.936 0.65 0.9425 1.45535 0.689 0.0 0.6175 0.7215 0.47285 0.31525 0.23765 0.30875 0.6825 
2.24205 1.4841 1.39415 1.222 1.29675 1.99225 1.5795 0.95875 0.30875 1.47085 0.70525 0.0 0.6175 1.014 0.2352 0.0 0.4655 0.312 1.30325 
1.63675 0.8609 1.3909 0.624 1.3 1.97275 1.898 1.274 0.0 1.2373 0.70525 0.0 0.93275 1.62825 0.0 0.0 0.931 0.30875 1.60225 
1.328 0.55615 1.4064 0.30225 0.9815 1.68025 1.859 1.599 0.31525 1.00215 0.702 0.30225 0.3445 1.62175 0.22785 0.31525 0.931 0.299 1.87525 
1.02655 0.2548 0.7693 0.3185 0.67925 1.664 1.88825 1.586 0.28925 0.74735 1.02375 0.32825 0.338 1.6445 0.24745 0.28925 0.9359 0.53745 1.91425 
1.2593 0.53165 0.26705 0.286 0.377 1.69975 1.8785 1.5925 0.3185 0.4655 0.62725 0.299 0.312 1.61525 0.2254 0.3185 0.93345 0.2401 1.90775 
1.2691 0.5243 0.26215 0.30225 0.36075 1.68025 1.8785 1.5795 0.3055 0.4606 0.64025 0.30875 0.312 1.64125 0.23275 0.3055 0.931 0.2352 1.9175 
1.26175 0.52675 0.26705 0.9945 0.3705 0.988 1.92725 1.58275 0.31525 0.4655 0.6305 0.69225 0.62725 1.5665 0.22785 0.70525 0.931 0.23765 1.2025 
1.51655 0.28175 0.26215 0.9945 0.71175 0.988 1.9045 1.638 0.29575 0.45815 0.64675 0.68575 0.6695 1.58925 0.2401 0.66625 0.931 0.23275 1.19925 
1.81135 0.2891 0.5986 0.97825 0.69875 0.6825 1.30325 1.58925 0.312 0.45815 0.611 0.9685 0.63375 1.586 0.4557 0.67925 0.46795 0.4851 0.611 
1.82765 0.2842 0.58715 0.96525 1.0075 0.975 1.62825 1.25125 0.30225 0.6811 0.63375 1.29675 0.299 0.9425 0.45325 0.99775 0.23765 0.4802 0.312 
1.81715 0.57995 0.86095 0.9945 1.04325 1.014 1.3195 0.975 0.29575 0.4802 0.6435 0.975 0.3055 0.975 0.2352 0.962 0.4557 0.6909 0.0 
1.82695 0.88215 1.17295 0.9945 1.05625 1.03675 1.3455 0.94575 0.30875 0.4949 0.338 0.962 0.2925 0.95225 0.23275 0.962 0.4312 0.70315 0.0 
1.81145 0.611 1.45715 0.9945 1.001 1.00425 1.326 0.96525 0.31525 0.82625 0.32175 0.97825 0.30875 0.96525 0.2352 0.9815 0.4459 1.0745 0.0 
1.8464 0.611 1.4872 1.29025 1.00425 0.64025 1.34225 0.585 0.31525 0.8172 0.338 0.98475 0.30225 0.585 0.21315 1.01725 0.46795 1.1063 0.0 
1.8033 0.60775 1.4629 0.975 1.39425 0.67925 1.287 0.3185 0.65325 0.86535 0.325 0.92625 0.0 0.3185 0.2401 1.261 0.45325 1.05645 0.0 
1.55745 0.8495 1.4686 0.9425 1.10175 0.6955 1.274 0.312 0.68575 1.1936 0.0 0.8905 0.0 0.312 0.2352 1.26425 0.4459 1.40755 0.0 
1.24705 0.8544 1.1533 0.62075 1.092 1.3 1.274 0.0 1.001 1.3953 0.0 0.585 0.61425 0.0 0.2401 1.9045 0.4361 1.2091 0.0 
1.2691 0.86825 1.14265 0.64025 0.741 0.962 1.27075 0.0 0.98475 1.1585 0.0 0.624 0.6175 0.299 0.4655 2.22625 0.47285 1.17565 0.30225 
1.2642 0.5643 0.86975 0.65 1.04975 1.25775 1.261 0.0 1.00425 1.6355 0.0 0.90675 0.62075 0.949 0.48265 1.92075 0.21805 0.9152 0.949 
1.26665 0.2499 0.54145 0.63375 1.0465 1.261 1.26425 0.0 1.0075 1.61015 0.28925 0.9035 0.6175 0.95225 0.49 1.92075 0.21315 0.9462 0.95225 
1.26175 0.2499 0.54635 0.65325 0.68575 1.664 1.287 0.0 0.95875 1.24535 0.299 0.897 0.99125 0.949 0.48755 1.9175 0.58935 0.94535 0.949 
0.99225 0.2401 0.8232 0.30875 0.676 1.625 1.60875 0.0 0.98475 1.23235 0.299 0.93275 1.3455 0.93275 0.4802 1.9175 0.9583 1.28905 0.93275 
0.9849 0.2548 0.8183 0.38025 0.3055 1.92725 1.599 0.6825 0.624 1.26655 0.3055 0.6175 1.3585 0.9295 0.4655 1.235 0.9713 1.3142 1.60875 
0.99225 0.24745 0.81585 0.377 0.30225 1.937 1.6055 0.6825 0.6175 1.247 0.299 0.58825 1.34875 0.962 0.49735 1.235 0.93705 1.30285 1.6445 
1.0143 0.25725 0.7889 0.69875 0.3315 1.63475 1.92075 0.6825 0.28925 1.0395 0.3055 0.572 0.702 1.573 0.25235 0.6175 1.38065 1.2809 2.2555 
1.00695 0.24745 0.80605 0.67275 0.299 1.62825 1.26425 1.29675 0.3185 1.01915 0.299 0.62725 1.0205 1.846 0.0 0.30875 1.6411 1.28335 1.9175 
0.9996 0.2548 0.80115 0.67275 0.0 1.3455 1.29675 1.3 0.30875 0.7978 0.3055 0.312 1.02375 1.235 0.23275 0.9295 1.65495 1.29145 1.30325 
1.30995 0.54235 1.44315 0.67275 0.31525 1.33575 1.30975 1.29675 0.312 1.0192 0.0 0.3315 1.01725 1.235 0.22785 0.94575 1.66225 1.04975 1.3 
1.3549 0.77835 1.14345 0.689 0.60775 0.936 1.2935 1.29675 0.299 1.01915 0.0 0.35425 0.61425 1.235 0.2401 0.97175 1.282 0.67925 1.29675 
1.6325 0.78085 0.8772 1.03675 0.94575 0.62075 0.91325 1.29675 0.6305 1.0387 0.0 0.6305 0.30225 1.23175 0.22785 0.93275 0.931 0.338 1.3 
1.39245 1.0201 0.87395 1.31625 1.2675 0.32825 1.014 0.9165 0.6435 1.0338 0.0 1.02375 0.3185 1.235 0.2352 1.30325 0.93345 0.34125 0.91975 
1.37205 1.01925 0.8862 1.3325 1.2675 0.3055 1.014 0.923 0.97175 0.7056 0.0 1.0335 0.286 1.23175 0.22295 1.6315 1.24705 0.3185 0.92625 
1.3957 1.0201 0.8772 1.6445 1.2675 0.0 0.71825 1.53725 0.988 0.70315 0.0 1.06925 0.57525 0.92625 0.2303 1.68675 1.269 0.338 0.611 
1.39485 1.01115 0.88455 1.64125 1.28375 0.0 0.9945 1.2545 0.96525 0.6909 0.0 1.31625 0.30875 0.6305 0.2401 1.924 1.2568 0.32825 0.62725 
1.40465 0.99645 0.887 1.664 1.24475 0.0 1.3325 1.52425 0.6435 0.4655 0.0 1.62825 0.33475 0.6305 0.2352 1.32275 1.48385 0.325 0.90025 
1.0927 1.0135 0.57985 1.65425 0.923 0.0 1.2935 1.55025 0.65975 0.23765 0.0 1.625 0.29575 0.62725 0.2254 1.32925 1.5026 0.5569 0.923 
1.03145 0.789 0.83065 1.6445 0.637 0.364 1.27725 1.5665 0.6695 0.2254 0.0 1.62175 0.676 0.65325 0.22785 1.32925 1.8739 0.94535 0.9165 
0.5243 1.266 0.83235 1.29675 0.29575 0.3705 0.99125 2.2555 1.00425 0.2156 0.0 1.66725 0.689 0.99775 0.245 1.664 1.83805 0.93645 1.261 
0.23275 1.28555 1.12385 0.61425 0.0 0.3705 0.62725 1.89475 1.6965 0.60565 0.0 1.261 0.6825 0.94575 0.2303 1.976 1.8747 1.32885 0.949 
0.48265 1.06575 1.1417 0.6175 0.3315 0.37375 0.58825 1.93375 1.365 0.9421 0.0 1.25125 0.67925 0.9685 0.22785 1.651 1.5424 1.30115 0.96525 
0.7775 1.34605 1.1247 0.0 0.312 0.6695 0.87425 1.60875 1.3585 1.13575 0.0 1.2415 0.3705 0.66625 0.22295 1.64125 1.29905 1.298 0.9425 
0.79545 1.3566 1.132 0.0 0.33475 0.6825 0.95875 1.59575 1.365 1.17805 0.0 0.9815 0.3835 0.32175 0.24745 1.37475 1.29735 1.3386 1.27725 
0.79705 1.36555 1.132 0.0 0.32825 0.67275 0.9035 1.5795 1.365 1.16995 0.0 0.94575 0.38025 0.3315 0.22785 1.3455 1.3039 1.3199 1.25125 
1.10835 1.35985 1.4358 0.0 0.6435 0.67275 0.9295 1.599 1.365 1.41405 0.0 0.962 0.36075 0.34125 0.2303 1.34225 1.29665 1.079 1.261 
1.13205 1.3655 1.40315 0.0 0.936 0.30225 0.94575 1.56 1.3585 1.72525 0.0 0.97825 0.0 0.33475 0.22785 1.36825 0.92855 1.027 1.22525 
1.65555 0.84295 1.38355 0.34125 0.949 0.6565 1.3195 0.923 0.6825 1.70245 0.0 0.663 0.0 0.0 0.24745 1.01725 0.91875 1.014 0.923 
1.66765 1.1653 1.1173 0.32825 0.91 0.63375 1.248 0.88725 0.67925 1.32885 0.0 0.9815 0.0 0.364 0.22785 0.6305 0.9163 0.61425 1.25125 
1.4097 1.38025 1.10425 0.325 0.6045 0.663 1.28375 0.9295 0.6825 1.3255 0.0 0.99775 0.0 0.377 0.2352 0.61425 0.92855 0.62725 1.3065 
1.40725 1.3933 1.1075 0.3185 0.60775 0.67275 1.30975 0.89375 0.6825 1.3442 0.0 1.01725 0.0 0.38025 0.22785 0.637 0.9359 0.6435 1.27725 
1.4015 1.39085 1.1124 0.338 0.62075 0.64675 1.31625 0.8905 0.67925 1.35395 0.0 1.3195 0.0 0.65 0.2401 0.91325 0.9212 0.65325 1.0075 
1.36575 1.6735 1.4383 0.33475 0.60775 0.66625 0.9815 0.624 1.2935 1.5476 0.0 0.99125 0.0 0.676 0.0 1.5405 0.70805 0.86895 0.6955 
1.3975 1.66955 1.41545 0.338 0.62075 0.676 0.97825 0.6435 1.3 1.5655 0.0 1.001 0.0 0.69875 0.0 1.5405 0.71295 0.87705 0.71175 
1.36635 1.69875 1.49295 0.33475 0.312 1.03025 0.98475 0.59475 1.3 1.24865 0.0 0.97825 0.38025 0.64675 0.0 1.5665 1.0785 0.9478 0.663 
0.85265 1.94305 1.7258 0.0 0.31525 0.689 0.65975 1.25125 1.651 1.25925 0.0 0.99775 0.3835 0.6435 0.0 1.8915 1.40755 1.27275 1.36825 
1.1458 1.65725 1.7111 0.38025 0.32175 0.68575 1.0075 1.2805 0.975 1.5721 0.0 0.62075 0.38025 0.676 0.0 1.59575 1.69925 1.2646 1.365 
1.3836 1.3724 1.69805 0.37375 0.663 0.69875 1.0075 1.339 0.96525 1.5606 0.0 0.6175 0.364 0.69875 0.0 1.586 1.71885 1.2646 1.39425 
1.0642 1.1164 1.74695 0.67275 0.94575 0.3705 1.0075 0.96525 0.95225 1.5607 0.0 0.62075 0.3705 0.95875 0.0 1.5795 1.7114 1.2793 1.35525 
1.08945 1.1018 1.72655 0.69225 0.9555 0.3705 1.30975 0.6825 0.96525 1.55415 0.0 0.34125 0.6435 0.6955 0.20825 1.58275 1.49345 1.27115 1.378 
1.08855 0.78825 1.4162 0.68575 1.287 0.702 1.5925 0.97175 0.34775 1.5859 0.0 0.95225 0.6565 0.68575 0.4312 1.2935 1.5219 1.04325 1.6575 
1.043 0.49735 1.10425 0.68575 1.222 0.68575 1.61525 0.99125 0.351 1.30835 0.0 0.91325 0.702 0.68575 0.47775 1.27725 1.4754 1.2671 1.68025 
1.08535 0.7791 0.8183 0.68575 1.64775 0.30225 1.6185 0.9945 0.3575 1.33445 0.0 0.949 0.28275 0.68575 0.4508 1.274 1.10095 0.88515 1.68025 
1.0463 0.5194 1.06835 0.68575 1.5925 0.29575 1.95975 0.663 0.0 1.3091 0.0 0.9555 0.6175 0.68575 0.45325 0.91325 1.48695 1.2582 1.352 
1.3027 0.27195 1.0724 0.6955 1.6185 0.62725 2.249 0.936 0.0 1.03055 0.0 1.32925 0.62725 0.31525 0.4361 1.32275 1.1733 1.2606 1.2545 
1.29125 0.2793 1.07565 0.71175 1.58925 0.5915 2.26525 0.949 0.0 0.99955 0.0 1.31625 0.64025 0.325 0.46795 1.3065 1.157 1.2476 1.274 
1.61955 0.2793 1.3917 0.6695 1.31625 0.6175 2.25225 0.9685 0.0 0.79615 0.0 1.60225 0.6435 0.0 0.46305 1.5925 1.15045 1.4909 0.9685 
2.19385 0.29155 2.0101 0.95875 1.3065 0.962 1.989 0.98475 0.0 0.77175 0.0 1.30325 0.32825 0.0 0.23765 0.988 0.92015 1.9369 0.98475 
2.2362 0.2842 2.0206 1.25125 1.30325 0.637 1.93375 0.6565 0.0 0.77985 0.0 0.67925 0.6175 0.0 0.0 0.67925 1.15535 1.9548 0.6565 
2.19965 0.2842 1.97425 1.3325 1.3325 0.61425 1.963 0.66625 0.0 0.8035 0.0 0.7085 0.64025 0.0 0.0 0.7085 1.16025 1.9466 0.663 
1.99455 0.2744 2.2371 1.313 1.6315 0.60775 1.95325 0.64025 0.0 0.80105 0.31525 0.702 0.6435 0.0 0.0 0.702 1.15535 1.94905 0.64025 
2.2428 0.2744 1.98965 1.27725 1.62175 0.98475 2.314 0.30875 0.0 0.78725 0.3185 0.6825 0.65325 0.0 0.0 0.6825 0.7986 1.59565 0.3055 
1.9806 0.5684 1.9806 0.86775 1.6185 1.0075 1.94675 0.30225 0.38025 0.79045 0.3055 0.3055 0.63375 0.0 0.0 0.68575 0.8076 1.60785 0.30225 
2.2282 0.5586 1.6892 0.93275 1.64775 1.30975 1.95 0.32175 0.36075 0.81565 0.30225 0.32175 0.97175 0.0 0.0 0.6825 1.1326 1.9515 0.32175 
1.92915 0.57575 1.3926 0.9165 1.6445 1.612 1.885 0.3055 0.38025 0.8124 0.299 0.0 0.962 0.6175 0.0 0.38025 1.35965 1.7196 0.92625 
1.31895 0.5782 0.7824 0.63375 1.66075 1.29025 1.898 0.63375 0.3835 0.82305 0.299 0.0 0.98475 0.90025 0.0 0.3835 1.8194 1.24105 1.534 
1.3092 0.55615 0.7898 0.30875 1.62825 1.612 1.5665 0.65325 0.37375 0.79615 0.3185 0.3055 0.6695 0.884 0.2352 0.99125 1.6005 1.24515 1.54375 
