42.9978 25.3962 7.41 23.439 23.985 3.549 15.912 0.0 19.422 17.6586 0.0 7.566 11.895 0.0 9.9552 7.215 2.7342 8.19 0.0 
3.68995 1.86225 0.8478 1.95 1.9305 0.3185 1.3195 0.0 1.6575 1.7665 0.0 0.65975 0.9815 0.0 0.85565 0.6305 0.2303 0.988 0.0 
3.43035 2.11375 0.8429 1.6055 1.90775 0.9945 0.988 0.68575 1.3 1.77795 0.0 0.30225 1.001 0.68575 0.8377 0.60775 0.2303 0.9815 0.0 
3.423 2.11375 0.8429 1.2935 1.898 1.30325 0.9815 0.98475 1.25775 1.8016 0.0 0.0 0.6175 1.06275 0.78385 0.33475 0.25235 0.9815 0.6825 
3.15755 2.08615 1.11485 1.30975 1.625 1.287 1.001 0.988 0.95225 1.8039 0.0 0.0 0.6175 1.06275 0.49245 0.299 0.2254 0.65975 0.68575 
2.5172 1.4947 1.12465 1.62175 1.5925 1.5925 1.29675 1.60225 0.3445 1.77055 0.0 0.0 0.62075 1.0595 0.49735 0.31525 0.22785 0.63375 1.3 
1.9079 0.91535 1.1173 0.97175 1.55025 1.62825 1.5795 1.9305 0.6175 2.04325 0.0 0.0 0.9035 1.066 0.22295 0.91325 0.24255 0.64675 1.6315 
1.61055 0.56435 1.1116 0.65975 1.27725 1.32275 1.625 2.223 0.61425 1.5688 0.0 0.3055 0.3185 1.0465 0.45325 0.91325 0.4753 0.64025 1.9045 
1.6073 0.24745 0.8037 0.6825 1.248 1.3 1.5925 2.262 0.6175 1.31165 0.0 0.3185 0.28275 1.05625 0.4753 0.9295 0.45815 0.8641 1.9565 
1.59165 0.5292 0.5847 0.6825 1.365 1.3 1.599 2.25225 0.6175 1.0485 0.0 0.3185 0.28275 1.06275 0.46795 0.91975 0.46305 0.5585 1.95325 
1.8228 0.28665 0.58555 0.6825 1.027 1.3065 1.57625 2.23275 0.62075 1.0363 0.0 0.2925 0.62075 0.728 0.44835 0.923 0.4851 0.55365 2.262 
1.32955 0.784 0.5725 0.598 1.3195 1.00425 0.9425 2.2295 0.9945 1.0444 0.0 0.31525 0.64675 0.34125 0.4606 1.2935 0.47285 0.5691 1.88825 
1.3059 0.79135 0.57335 0.60775 1.3 0.988 0.923 2.22625 1.00425 1.02895 0.0 0.31525 0.64025 0.3445 0.47285 1.31625 0.45815 0.55855 1.88175 
1.6317 0.7987 0.8967 0.312 1.34875 0.9815 0.89375 1.95 0.988 1.04605 0.0 0.31525 0.61425 0.34125 0.23765 0.988 0.45815 0.80105 1.612 
1.5861 0.80115 0.88785 0.31525 1.32275 1.001 0.60775 2.223 0.36725 0.5472 0.0 0.62725 0.611 0.97175 0.2205 0.702 0.95305 0.77095 1.2545 
1.6349 0.7987 0.91135 0.30225 1.326 0.962 0.2795 1.8785 0.377 0.5659 0.0 0.312 0.6305 0.9685 0.22785 0.99125 0.9114 0.80355 0.9165 
1.3059 1.1115 0.88125 0.30225 1.01725 0.988 0.3055 1.9045 0.377 0.57565 0.0 0.30875 0.62725 0.975 0.23275 0.99775 0.9261 0.7986 0.93275 
1.3214 0.82975 1.1638 0.29575 1.001 0.99125 0.3055 1.9045 0.38675 0.9429 0.0 0.33475 0.624 0.962 0.22785 1.02375 0.93345 1.1683 0.94575 
1.03725 0.8265 1.41785 0.3055 0.988 0.65 0.9945 1.23825 0.377 0.9177 0.0 0.35425 0.611 0.62075 0.2401 1.04975 1.27875 1.4884 0.62075 
1.57205 0.32175 1.44955 0.67925 0.70525 0.62725 1.35525 1.209 0.0 0.95025 0.0 0.6955 0.949 0.91975 0.2303 1.001 1.26895 1.5185 0.2925 
1.31645 0.58395 1.4259 0.6825 0.377 0.62725 1.33575 1.2285 0.0 0.97295 0.0 0.663 0.98475 0.93925 0.2352 0.975 1.2665 1.5608 0.2925 
0.98735 0.58475 1.1164 0.9815 0.69875 0.32825 1.3585 0.923 0.0 1.2163 0.0 1.01075 0.9425 0.923 0.22295 1.3065 1.2877 1.31985 0.0 
0.9849 0.5774 1.12375 0.988 0.69225 0.32825 1.7225 0.5655 0.0 1.20165 0.0 0.69225 1.27075 0.5655 0.23765 1.0075 1.2828 1.31335 0.0 
1.31485 0.8918 1.1229 0.988 0.676 0.6435 1.6835 0.6045 0.30225 1.64525 0.0 0.9815 1.898 0.6045 0.0 0.67925 1.0525 1.28245 0.0 
1.61875 0.59045 1.07485 1.01725 0.65 0.9555 1.6965 0.62075 0.299 1.40745 0.0 1.01725 2.1775 0.624 0.0 0.71825 1.28695 1.31505 0.0 
1.6155 0.83475 0.8273 0.9815 0.68575 0.949 1.6965 0.58175 0.32175 1.05335 0.0 1.00425 2.19375 0.58175 0.0 0.6825 1.27305 0.9201 0.0 
1.863 0.85105 0.5489 0.99125 1.0205 0.95225 1.69975 0.59475 0.64675 1.0517 0.0 1.32275 1.8525 0.59475 0.0 0.676 0.9261 0.5911 0.0 
1.87275 0.88685 0.5204 0.6955 1.001 1.27075 2.01825 0.5915 0.624 1.0557 0.0 0.9425 1.521 0.6565 0.0 0.32175 0.92365 0.61715 0.68575 
2.11695 0.85755 0.299 0.6955 1.339 1.27075 1.976 0.624 0.63375 1.37585 0.0 0.95225 1.5405 0.702 0.0 0.31525 0.931 0.9226 0.6825 
2.4387 1.16225 0.3185 0.37375 1.04 1.586 1.69975 0.5915 0.64675 1.38075 0.0 0.64675 1.55025 0.962 0.2303 0.3055 0.70315 0.9079 0.99125 
2.41605 1.12965 0.28925 0.38025 1.04325 1.54375 1.98575 0.30225 0.663 1.37585 0.0 0.663 0.91 1.31625 0.49245 0.65325 0.42875 0.92995 1.6185 
2.1178 0.85105 0.299 0.38675 1.326 1.55675 1.989 0.299 0.33475 1.1341 0.0 0.62725 0.299 1.32275 0.735 1.2675 0.441 0.92585 1.62175 
1.80905 1.1346 0.29575 0.377 1.3715 1.29675 1.9825 0.3055 0.338 1.36685 0.0 0.65975 0.0 1.32275 0.7105 1.261 0.2303 0.9283 1.6315 
1.80895 1.181 0.3055 0.36075 1.3455 1.29675 1.98575 0.32175 0.33475 1.38565 0.0 0.65 0.0 1.2935 0.69825 1.2415 0.2303 0.92015 1.61525 
1.80165 1.15495 0.299 0.37375 1.3845 1.2675 1.9825 0.30875 0.3575 1.3734 0.0 0.67275 0.0 1.30975 0.72765 1.2805 0.20825 0.9226 1.62175 
1.3132 1.68075 0.30875 0.0 1.742 1.29675 1.29675 0.0 0.35425 1.66915 0.0 1.027 0.0 0.9165 1.02585 1.937 0.2107 0.91525 0.91975 
1.3068 1.3747 0.55545 0.0 1.7485 1.35525 1.29675 0.0 0.351 1.3246 0.0 1.0465 0.0 0.9425 1.0103 1.94025 0.22785 0.5838 0.9425 
1.613 1.72005 0.5856 0.0 1.716 1.03025 1.3065 0.0 0.3445 1.3198 0.31525 1.0335 0.0 0.62075 0.77915 1.62175 0.2303 0.7889 0.62075 
1.622 1.71275 0.56195 0.0 1.755 1.04 1.3 0.0 0.3445 1.3385 0.30875 1.0465 0.0 0.6175 0.7392 1.58925 0.25235 0.81165 0.62075 
1.61465 1.716 0.5693 0.0 1.72575 1.014 1.3 0.0 0.65 1.581 0.3055 0.71175 0.0 0.93275 0.52265 1.2545 0.2646 0.79375 0.93275 
1.60485 1.41865 0.2744 0.0 1.73875 1.0205 1.30325 0.0 0.65975 1.54355 0.61425 0.73125 0.0 0.9295 0.5309 1.2935 0.2401 0.8044 0.9295 
1.60975 1.132 0.5537 0.0 1.77775 1.014 1.3 0.0 0.6695 1.9384 0.6305 0.74425 0.0 0.9295 0.5391 1.30975 0.22785 1.2131 0.93275 
1.3582 1.132 0.81095 0.0 1.3715 1.001 0.95225 0.351 0.32175 1.9556 0.62075 0.3705 0.0 0.9165 0.53085 1.2935 0.60335 1.5144 1.2675 
1.3672 0.8429 1.0878 0.0 1.00425 0.65325 0.962 0.34125 0.30875 1.9206 0.611 0.0 0.0 0.92625 0.2009 0.57525 1.2916 1.89715 1.2675 
1.34435 0.8372 1.10005 0.0 1.0205 0.65325 0.94575 0.34775 0.29575 1.5752 0.9295 0.0 0.0 0.936 0.21805 0.585 1.27525 1.58765 1.28375 
0.7448 0.2401 1.0731 0.0 1.01725 1.26425 0.9555 0.3445 0.3055 1.3799 0.637 0.0 0.28275 1.26425 0.24255 0.62725 1.71545 1.3191 1.60875 
0.99405 0.52365 1.1172 0.0 1.001 1.5275 0.94575 0.3575 0.6565 1.87635 0.6305 0.0 0.6565 0.58825 0.0 0.6565 1.50875 1.34505 0.94575 
1.0161 0.5114 1.10495 0.0 1.014 1.5405 0.949 0.35425 0.3315 1.60045 0.62725 0.30875 0.637 0.312 0.2352 0.95225 1.5055 1.35975 0.66625 
1.00715 0.79905 1.3893 0.0 1.0075 1.508 0.93925 0.36075 0.338 1.589 0.338 0.2925 0.6305 0.32175 0.245 0.9555 1.50955 1.363 0.6825 
0.83055 1.36065 1.1132 0.0 0.96525 1.9565 0.95875 0.3445 0.66625 1.23 0.34125 0.6825 0.60125 0.31525 0.2303 0.91975 1.49575 0.9681 0.65975 
0.53505 1.3485 1.37695 0.0 1.29675 1.924 1.30325 0.0 0.6825 1.24465 0.65975 0.67925 0.97825 0.30875 0.22785 0.93925 1.49575 0.95425 0.30875 
1.0423 1.0865 1.07565 0.38025 1.3 2.21975 1.9825 0.30225 0.71825 0.93345 0.67275 0.69225 0.99775 0.69225 0.2254 0.962 0.81325 0.58785 0.9945 
1.0692 1.0995 1.06175 0.364 1.2935 2.22625 1.9825 0.3185 0.715 1.27215 0.338 0.6695 0.988 0.676 0.24745 0.95225 0.81245 0.9429 0.9945 
1.08625 1.12145 1.06175 0.38025 1.9175 1.62175 1.9825 0.30225 1.03025 1.50165 0.32175 0.6955 0.67925 0.38025 0.22785 1.2675 0.61635 0.9616 0.6825 
1.0846 1.119 1.06585 0.38025 2.21325 1.95325 1.989 0.30225 0.6955 1.50985 0.3315 0.69875 0.35425 0.3835 0.2352 0.92625 0.58455 0.94535 0.68575 
1.06265 1.0995 1.074 0.3705 1.95 1.63475 1.99225 0.31525 0.676 1.26815 0.33475 0.364 0.351 0.3705 0.22785 0.61425 0.8263 0.93885 0.68575 
1.36495 0.78425 1.0707 0.38675 2.288 1.625 1.989 0.299 0.6695 1.5286 0.64675 0.36725 0.3445 0.38675 0.24255 0.624 0.79775 0.702 0.68575 
1.3974 0.81675 1.0878 0.38025 2.30425 1.57625 1.9825 0.30225 0.32175 1.8145 0.64025 0.0 0.65975 0.38025 0.2303 0.62725 1.1375 0.689 0.6825 
1.4096 0.8322 1.0821 0.36725 1.9695 1.23825 1.6315 0.66625 0.325 1.81045 0.30225 0.0 0.64025 0.36725 0.22785 0.62725 1.4739 1.03675 1.0335 
1.38365 0.7948 1.0666 0.6825 2.00525 0.9165 0.94575 1.0335 0.30875 1.83 0.3055 0.0 0.949 0.31525 0.2254 0.60775 1.4584 1.04975 0.71825 
1.09625 1.03495 1.0903 0.6825 1.651 0.923 0.9425 1.04 0.30225 1.4717 0.63375 0.0 0.9295 0.299 0.2401 0.62075 1.4445 0.68575 0.74425 
1.12875 1.0618 1.0984 0.6825 1.02375 1.54375 1.25775 1.3455 0.0 1.23975 0.6305 0.0 0.949 0.6175 0.2352 0.312 1.69275 0.68575 1.34875 
0.83625 0.7742 1.0935 0.6825 0.689 0.93275 1.29675 1.36175 0.0 0.78075 0.64025 0.0 1.27725 0.88075 0.2401 0.3185 2.1623 0.68575 1.64775 
0.8135 0.7546 1.09035 0.6825 0.663 0.936 1.248 1.33575 0.0 0.78155 0.63375 0.0 1.2415 0.962 0.2401 0.3185 2.16065 0.68575 1.6835 
0.82325 1.08295 1.38925 0.68575 0.6825 0.92625 1.2675 1.3325 0.0 0.77425 0.3445 0.0 1.222 0.962 0.23765 0.31525 2.15255 0.6825 1.69325 
1.0828 0.80135 1.40885 0.68575 0.715 0.6175 1.2805 1.3585 0.0 0.4655 0.31525 0.0 0.94575 0.949 0.22295 0.29575 1.8585 0.6825 1.66075 
1.55905 0.84205 0.89025 1.04 0.70525 0.9425 1.26425 1.00425 0.0 0.46795 0.32175 0.0 0.62075 0.90025 0.23275 0.30875 1.1662 0.0 1.3 
1.5583 0.85995 0.87965 0.741 0.67925 1.24475 1.64125 0.30875 0.0 0.46795 0.338 0.68575 0.286 0.64025 0.23765 1.001 1.15885 0.0 0.949 
1.5998 0.8209 0.87475 0.72475 0.689 1.25775 1.64775 0.31525 0.0 0.4655 0.3445 0.6825 0.28275 0.637 0.24255 1.00425 1.1564 0.0 0.95225 
1.58025 0.82085 0.88945 1.32925 0.69225 0.65 1.33575 0.6175 0.0 0.4655 0.32175 0.6825 0.58825 0.6305 0.2205 0.975 1.176 0.0 0.64675 
1.5827 0.83065 0.88535 1.34875 0.689 0.63375 1.33575 0.6175 0.0 0.4655 0.33475 0.6825 0.60125 0.60775 0.70315 1.61525 0.6958 0.0 0.637 
1.57375 0.8396 0.8821 1.63475 1.30325 0.96525 1.6185 0.6175 0.0 0.931 0.3315 0.6825 0.9165 0.93925 0.4655 1.30325 0.4655 0.0 0.93275 
1.2593 0.5243 0.2744 1.64775 0.9945 0.95225 1.62175 0.61425 0.0 0.6909 0.6175 0.6825 0.88075 0.95875 0.4655 1.3 0.4655 0.2401 0.97175 
1.029 0.2548 0.77665 1.68675 1.3 0.91325 1.651 0.6175 0.0 1.0013 1.02375 0.6825 0.9295 0.9425 0.4655 1.3 0.4655 0.5407 0.923 
1.029 0.24745 0.78155 1.2935 1.63475 0.97175 1.9825 0.61425 0.33475 0.99315 1.0075 1.01725 0.8905 0.9165 0.4655 1.30325 0.4655 0.54235 0.962 
1.0339 0.2548 0.7742 1.23175 1.64125 1.0335 1.9175 0.6175 0.34125 1.01755 1.00425 1.027 0.923 0.923 0.4655 1.30325 0.4655 0.55695 0.9295 
1.2985 0.0 0.76195 1.2155 1.989 1.053 1.898 0.6175 0.33475 1.36205 0.676 1.0205 0.897 0.962 0.4655 1.30325 0.4655 0.90145 0.95875 
1.59095 0.30225 0.76685 0.62725 1.989 1.32275 2.23925 0.312 0.34125 1.5769 0.6825 1.02375 0.585 0.65 0.4655 1.3 0.2352 0.886 0.962 
1.6276 0.32175 0.75215 0.624 2.31725 1.64125 2.21975 0.29575 0.3315 1.83815 0.67275 1.3195 0.3055 0.31525 0.0 0.988 0.4508 0.9145 0.611 
1.62185 0.32825 0.76195 0.3055 1.664 1.313 1.88825 0.286 0.6435 1.5916 0.68575 1.326 0.0 0.0 0.22785 1.61525 0.4557 0.8909 0.28925 
