43.242 25.6992 7.449 23.673 24.102 3.627 15.834 0.0 19.227 17.9334 0.0 7.527 11.934 0.0 9.69 7.566 2.94 8.19 0.0 
3.38545 2.13915 0.84535 1.9695 2.314 0.30225 1.326 0.0 1.6315 1.7836 0.0 0.62075 1.0075 0.0 0.8361 0.60125 0.23275 0.988 0.0 
3.39845 2.13095 0.86005 1.599 1.976 0.99775 1.32275 0.3445 1.3 1.8063 0.0 0.3055 0.9945 0.3445 0.83535 0.60775 0.22785 1.0075 0.0 
3.3773 2.14155 0.84945 1.30325 1.9695 1.29675 1.3325 0.64675 1.3065 1.782 0.0 0.0 0.6175 0.71825 0.8442 0.30875 0.23275 0.9945 0.6825 
3.1298 2.1513 1.1124 1.30325 1.6185 1.29675 1.32275 0.6435 0.91325 1.8268 0.0 0.0 0.6175 0.728 0.4361 0.33475 0.25235 0.65325 0.6825 
2.80635 1.8068 1.1165 1.29675 1.93375 1.2935 1.32925 0.663 0.33475 2.2393 0.0 0.0 0.6175 0.71175 0.25235 0.0 0.0 0.637 0.67925 
2.18155 1.2064 1.1116 0.689 1.93375 1.2935 1.599 1.0075 0.34775 2.2802 0.0 0.0 0.6175 0.99125 0.2009 0.61425 0.0 0.624 1.29675 
1.868 0.9253 1.10015 0.3835 1.62175 0.98475 1.3 0.988 0.65325 2.06045 0.0 0.0 0.0 1.03025 0.43855 1.23825 0.0 0.64025 1.30325 
1.87365 0.571 0.80285 0.3705 1.339 1.3 1.33575 0.95875 0.6045 1.56145 0.0 0.0 0.3055 1.03675 0.4753 1.235 0.2303 0.87545 1.30325 
2.183 0.55535 0.5766 0.38675 0.95225 1.2935 1.30975 0.97175 0.6305 1.2723 0.0 0.0 0.312 1.01075 0.4557 1.23825 0.2352 0.5618 1.30325 
1.88915 0.8053 0.55955 0.38675 0.95225 0.91975 1.6575 0.624 0.63375 1.6225 0.0 0.0 0.6435 0.67925 0.45815 1.2415 0.5715 0.57325 1.30325 
1.3804 1.30515 0.55545 0.0 1.3325 0.99775 0.962 0.338 0.98475 1.6478 0.0 0.364 0.64025 0.2795 0.42875 1.9175 0.56745 0.58055 0.6175 
1.38035 1.30675 0.57585 0.0 1.2935 0.9945 0.99125 0.3055 0.923 1.5964 0.0 0.36725 0.6565 0.30875 0.4704 1.91425 0.5829 0.55535 0.6175 
1.39415 1.01185 0.8821 0.0 1.01725 1.3325 1.2935 0.6305 0.923 1.1529 0.0 0.3835 0.663 0.299 0.4606 1.9175 0.8222 0.797 0.9295 
1.3893 1.01675 0.8699 0.0 1.63475 1.92075 1.32925 0.58175 0.61425 1.3913 0.0 0.377 0.65325 0.27625 0.2352 1.30325 0.81075 0.8182 0.3055 
1.395 1.0094 0.8707 0.0 1.9825 2.27825 1.32275 0.58825 0.2925 1.38485 0.0 0.39 0.64675 0.60125 0.0 0.6825 1.0305 0.8035 0.6305 
1.1 1.0143 0.60265 0.0 1.94025 1.92725 1.287 0.59475 0.30875 1.58745 0.299 0.37375 0.3445 0.611 0.0 0.6825 0.8002 0.8093 0.59475 
1.04865 1.05595 0.5652 0.0 1.6445 2.32375 1.30325 0.61425 0.676 1.6143 0.30225 0.38025 0.7215 0.6175 0.0 1.05625 0.8108 0.8084 0.62075 
1.0315 1.0535 0.57825 0.0 1.58925 2.28475 0.64025 1.261 1.04325 1.23315 0.299 0.35425 0.377 0.91325 0.0 1.40075 0.46795 0.7946 0.949 
1.0152 0.8477 0.7996 0.0 1.25775 1.95975 0.663 1.2675 1.42675 1.5656 0.30875 0.0 0.38675 0.91325 0.0 1.42675 0.46305 1.08785 0.99125 
1.0404 0.84035 0.8101 0.0 1.25125 1.91425 0.60775 1.27075 1.4105 1.546 0.29575 0.0 0.38025 0.9295 0.0 1.4105 0.4557 1.11235 0.95225 
0.74725 0.81095 0.4802 0.3185 1.5535 1.6055 0.624 0.98475 1.378 1.786 0.30225 0.3185 0.36075 0.9425 0.0 1.69975 0.4753 0.87625 0.64675 
0.73255 0.82075 0.5047 0.30875 0.93275 1.01725 0.923 0.6825 1.39425 1.3149 0.30225 0.6435 0.65325 0.64675 0.0 2.03775 0.93345 0.86165 0.64675 
0.74235 0.8281 0.48265 0.30225 0.9685 1.02375 0.91975 0.6825 1.6965 1.57045 0.3055 0.95225 0.64025 0.9555 0.0 2.0475 0.69335 0.86975 0.962 
0.72765 1.14005 0.8289 0.31525 0.93925 1.014 0.93275 0.6825 2.03125 1.33685 0.0 0.94575 0.663 0.949 0.0 2.366 0.94815 0.86645 0.9685 
0.49245 1.1572 1.0543 0.32825 1.60875 0.64675 0.94575 0.6825 1.66075 1.31405 0.30225 0.9295 0.3185 0.949 0.0 1.98575 0.9555 0.85345 0.9685 
0.76685 0.88045 1.0103 0.30225 1.6315 0.97825 1.27725 0.32175 1.3065 1.3426 0.29575 0.962 0.2795 0.9425 0.0 1.62825 0.92365 0.87465 0.62075 
1.2789 0.5913 0.8118 0.30875 1.62825 1.6705 1.586 0.64675 0.624 1.0322 0.312 0.97175 0.26975 1.326 0.0 0.9685 0.93345 0.5618 1.30325 
1.274 0.6116 0.83455 0.3185 1.30325 2.015 1.5665 0.63375 0.62725 0.68845 0.31525 0.93925 0.62075 1.3455 0.0 0.9815 1.28945 0.54465 1.29675 
1.274 0.58885 0.81425 0.32825 1.27725 1.99875 1.27075 0.9555 0.62725 0.68355 0.31525 0.611 0.975 1.6575 0.0 0.61425 1.27885 0.55855 1.3 
1.28135 0.5848 0.8004 0.30225 1.2935 1.9955 0.99125 1.23825 0.62725 0.70315 0.312 0.936 0.64025 1.9045 0.0 0.923 1.26165 0.57565 1.3 
1.26665 0.61165 0.82725 0.624 1.29675 1.68025 0.9945 1.55675 0.325 0.4655 0.299 0.6175 0.62725 1.3 0.0 0.9425 1.49125 0.53575 0.9945 
1.5722 0.28665 0.7882 0.611 1.56325 1.6965 0.99775 1.51125 0.0 0.66395 0.30225 0.6175 0.65325 1.3065 0.0 0.6175 1.29025 0.5773 0.97175 
1.8621 0.2303 0.5636 0.6305 1.222 1.6965 0.97175 1.57625 0.0 0.69335 0.0 0.6175 0.64675 1.32925 0.0 0.6175 1.2625 0.5716 1.001 
1.35735 0.75215 0.56845 0.62075 1.24475 1.0205 1.3 1.2155 0.34125 1.0452 0.0 0.95875 0.99125 0.99775 0.0 0.62075 1.6135 0.57075 0.99775 
0.81025 1.0388 0.80535 0.62725 1.23175 0.3185 1.027 0.9035 0.33475 1.4132 0.0 0.95225 0.988 0.5915 0.68575 1.3065 1.60865 0.8763 0.312 
0.58725 1.2936 0.79385 0.60125 1.21875 0.0 1.01725 0.884 0.33475 1.7585 0.0 0.95225 0.6565 0.5915 0.68575 1.30325 1.291 0.87625 0.2925 
0.8692 1.26175 1.10195 0.6435 0.9165 0.0 1.32925 0.61425 0.33475 1.4941 0.0 1.28375 0.34775 0.30225 0.68575 1.63475 1.29345 1.1057 0.312 
0.9001 1.274 1.1059 0.6175 0.9165 0.0 0.99125 0.9295 0.32825 1.5258 0.0 0.949 0.35425 0.312 0.6825 1.30325 1.28525 1.10335 0.6175 
0.89685 1.28625 1.0953 0.312 0.91975 0.31525 0.99775 0.6175 0.32825 1.5437 0.0 1.2805 0.3575 0.9555 0.91605 1.3325 1.0582 1.1017 0.9035 
0.5921 1.2985 0.8028 0.30225 0.6175 0.30225 0.988 0.62075 0.3315 1.53065 0.3055 1.3065 0.35425 0.975 0.92585 1.339 1.0476 1.12935 0.88725 
0.5277 1.0486 1.0716 0.325 0.6825 0.312 1.01075 0.62075 0.34125 1.8784 0.2925 1.29025 0.3445 0.936 0.91605 1.32925 1.05745 1.46 0.91975 
0.77925 0.54145 1.3207 1.0075 1.0205 0.3055 0.325 0.6175 0.0 1.8971 0.3055 0.9425 0.0 0.91975 0.9177 1.31625 0.71295 1.815 0.93275 
1.3124 0.25235 1.1262 1.29675 1.04975 0.69225 0.61425 0.6175 0.0 1.5356 0.3055 1.612 0.0 0.949 0.22295 1.31625 0.69335 1.5413 0.9035 
1.5517 0.0 1.1352 1.29675 1.3455 0.67925 0.6175 0.6175 0.0 1.5006 0.30225 1.6575 0.0 0.975 0.2352 1.3455 0.6958 1.51285 0.884 
1.24215 0.0 0.82075 0.98475 1.36825 1.30325 0.60775 0.923 0.0 1.5225 0.299 1.64125 0.0 0.94575 0.2401 1.32275 0.931 1.3118 1.222 
1.2446 0.0 0.8183 0.99125 1.36825 1.29675 1.261 0.33475 0.0 1.51925 0.29575 1.2805 0.0 1.23825 0.47775 1.287 0.68845 1.311 1.573 
1.26665 0.0 0.7938 0.97825 1.053 1.001 1.2025 0.2925 0.0 1.29065 0.31525 1.00425 0.0 0.61425 0.43855 1.58925 0.95305 1.28085 0.90675 
1.5485 0.0 1.10995 0.99125 1.03675 1.2935 1.235 0.312 0.0 1.03675 0.0 1.29025 0.0 0.6175 0.66395 1.573 0.9604 1.2793 0.9295 
1.551 0.0 1.08795 0.988 1.0595 1.28375 1.235 0.3185 0.0 1.0595 0.0 1.27075 0.0 0.61425 0.6762 1.58925 0.9359 1.30695 0.936 
1.29125 0.5145 0.8527 0.325 0.6955 1.27725 1.94025 0.31525 0.3445 1.0335 0.0 1.29025 0.6825 0.6175 0.7007 1.95975 1.26165 0.93885 0.936 
1.30015 0.5145 0.8763 0.0 0.715 1.612 1.90775 0.61425 0.36075 1.03675 0.0 0.62725 0.6825 0.988 0.6811 1.261 1.2699 0.9461 1.6055 
1.03485 0.7693 0.8413 0.0 0.38025 1.5925 1.90775 0.60775 0.6955 0.70525 0.0 0.598 0.6825 1.00425 0.65415 1.57625 1.62585 0.9665 1.612 
1.06175 0.7742 0.83145 0.31525 0.65975 0.98475 1.924 0.30875 1.0075 1.161 0.0 0.6175 0.68575 0.99125 0.6909 1.30975 1.1472 0.9429 1.3 
1.0438 0.7595 0.85515 0.32825 0.66625 0.9815 1.93375 0.30225 1.29675 1.41975 0.0 0.62725 0.99125 0.6955 0.68845 1.58275 0.90635 0.9413 1.001 
1.05685 0.7693 0.8388 0.30875 0.99125 1.3 2.21325 0.6045 1.30325 1.6379 0.0 1.2285 0.988 0.6955 0.68845 1.6185 0.67275 0.9486 1.3 
0.7497 1.3819 1.1663 0.31525 0.99125 0.99775 2.23275 0.6175 1.5665 1.8551 0.0 0.93275 0.9555 0.7085 0.48755 1.911 0.8949 0.70525 1.32925 
0.7399 1.36965 1.181 0.299 0.988 0.97175 2.23925 0.637 1.56 1.83875 0.0 0.91975 0.962 0.71175 0.50225 1.88825 0.8795 0.702 1.34875 
0.98735 0.87555 1.43905 0.325 0.99125 1.32275 1.86875 0.96525 1.261 1.55625 0.0 0.9425 0.30225 0.69875 0.4655 1.56975 0.9217 1.079 1.664 
0.99715 0.86495 1.4358 0.689 0.99125 0.95225 1.88825 1.339 1.261 1.5391 0.0 0.93275 0.3055 0.31525 0.4704 1.56975 0.91445 1.0595 1.66075 
1.01675 0.87475 1.40395 0.68575 0.988 0.96525 1.88175 1.326 0.89375 1.52285 0.34125 0.9295 0.28275 0.33475 0.4802 1.23175 0.56665 0.70525 1.664 
1.00695 0.86495 1.4268 1.0075 0.6695 0.936 2.18725 1.34875 0.57525 1.02875 0.32825 0.93275 0.26975 0.6565 0.50225 1.547 1.04845 0.715 2.00525 
1.00205 0.86905 1.4154 0.99125 0.9815 1.25775 2.197 1.33575 0.2925 1.07525 0.338 0.9165 0.0 0.64025 0.23275 0.90025 1.2698 0.7215 1.97275 
0.99715 0.8576 1.44315 0.98475 0.6955 0.9685 1.88825 1.03675 0.299 0.86045 0.3185 0.28925 0.0 0.6305 0.2303 0.89375 1.5074 0.73125 1.664 
1.3075 0.2499 1.13355 0.99125 0.9815 0.923 1.86875 1.0335 0.0 0.8335 0.3315 0.30875 0.0 0.637 0.24255 0.6305 1.2869 0.96235 1.6705 
1.2896 0.54145 0.8339 1.00425 0.94575 0.884 1.85575 1.0465 0.0 0.42875 0.34125 0.30875 0.0 0.65975 0.2352 0.62075 1.3236 0.5984 1.703 
1.0406 1.0437 0.54325 1.001 1.29025 0.93925 2.2165 0.6825 0.33475 0.4361 0.338 0.637 0.0 0.637 0.22295 0.598 0.9506 0.2499 1.3195 
1.05685 1.03145 0.5791 0.99125 1.64775 0.66625 2.29125 0.0 0.65 0.4704 0.3185 0.99775 0.0 0.62725 0.2303 1.27725 0.92855 0.2401 0.62725 
1.31975 0.7987 0.57495 0.99775 1.95325 0.62725 2.301 0.0 0.6435 0.7888 0.0 1.0465 0.0 0.63375 0.24255 1.32925 0.94325 0.5683 0.637 
1.2929 0.79625 0.5628 0.36725 1.9565 1.2545 1.97275 0.3055 0.65325 0.7725 0.0 0.702 0.31525 0.32825 0.2352 0.99775 0.9457 0.57405 0.63375 
1.2733 0.7987 0.57015 0.377 1.64775 0.96525 1.69 0.572 0.6305 0.54145 0.0 0.70525 0.32175 0.338 0.6811 1.58275 0.7105 0.56105 0.91 
1.29125 0.80605 0.56115 0.377 1.6835 0.97175 1.9825 0.936 0.63375 0.5634 0.0 1.0205 0.312 0.30225 0.931 1.60225 0.46795 0.58055 1.23825 
0.9996 0.79135 0.26215 0.36725 1.365 0.962 1.989 0.91975 0.6435 0.5675 0.30875 1.014 0.3055 0.3185 0.92855 1.59575 0.4655 0.5675 1.2415 
1.00205 0.5145 0.5439 0.38675 0.9685 1.32925 2.03775 0.897 0.64025 0.5569 0.299 1.04975 0.6825 0.3445 0.93345 1.60225 0.836 0.9421 1.2415 
1.00205 0.51695 0.54145 0.3835 0.62725 0.9815 1.6575 1.2285 0.98475 0.5561 0.30225 0.67925 1.0075 0.338 0.93345 2.3205 0.8295 0.9299 1.56975 
1.00205 0.5145 0.5439 0.3185 0.338 1.3585 1.57625 1.24475 0.6825 0.5634 0.299 1.001 1.0465 0.31525 0.93345 2.29125 0.83925 0.95185 1.56 
0.74235 0.79135 0.5243 0.31525 0.0 1.365 1.57625 1.274 0.6825 0.59835 0.30225 0.99125 1.0205 0.312 0.93345 2.2945 0.849 0.99165 1.58925 
0.7448 0.7791 0.539 0.60775 0.312 0.76375 1.58275 0.962 0.68575 0.8116 0.299 1.30975 0.70525 0.338 0.93345 2.59675 0.613 0.97135 1.3 
0.74235 0.7791 0.539 0.62075 0.30225 0.75725 1.59575 0.91975 0.68575 0.80835 0.3055 1.91425 0.71175 0.26975 0.4655 2.626 1.0834 0.9632 0.65 
0.75215 0.7742 0.53165 0.58825 0.32175 0.75725 1.2415 0.64675 0.99775 1.0452 0.299 1.59575 0.70525 0.299 0.2303 2.90225 1.0557 0.95185 0.34775 
