43.5252 25.7382 7.41 23.595 24.18 3.705 15.912 0.0 19.461 17.826 0.0 7.761 11.856 0.0 9.8952 7.605 2.8812 8.229 0.0 
3.62305 2.1294 0.6175 1.9825 2.015 0.299 1.326 0.0 1.6315 1.47565 0.0 0.62075 1.00425 0.0 0.84425 0.6045 0.2303 0.68575 0.0 
3.6247 2.14075 0.6175 1.60875 1.6705 0.99125 1.3455 0.32825 1.31625 1.4691 0.0 0.30875 1.3195 0.0 0.84835 0.6175 0.23275 0.68575 0.32825 
3.3356 2.4591 0.62075 0.91325 2.02475 1.69 0.936 0.637 1.2935 1.4895 0.0 0.0 0.95875 0.38675 0.8247 0.312 0.2352 0.6825 1.027 
3.0759 2.42165 0.8919 0.923 1.664 1.6835 0.9685 0.64675 0.91325 1.49205 0.0 0.0 0.95225 0.37375 0.43855 0.33475 0.25235 0.32175 1.0205 
2.4576 1.7831 0.8772 1.235 1.73875 1.98575 1.2675 0.637 0.3315 1.4903 0.0 0.0 0.95225 1.001 0.2499 0.0 0.46795 0.34125 1.64125 
1.8393 1.1842 0.88945 0.6175 1.66075 1.97925 1.90775 0.65975 0.0 1.256 0.0 0.0 0.95225 1.5925 0.2156 0.286 0.7154 0.325 2.25225 
1.51015 0.90075 0.88455 0.64675 1.7095 1.664 2.21975 0.9295 0.0 1.03875 0.0 0.29575 0.6565 1.6185 0.4312 0.27625 0.72275 0.32825 2.548 
1.22255 0.5782 0.26215 0.6175 1.40725 1.67375 2.2035 0.93925 0.0 0.79045 0.299 0.312 0.63375 1.625 0.47285 0.3185 0.69335 0.57485 2.56425 
1.24705 0.28175 0.53165 0.611 1.38775 1.68025 2.21 0.95875 0.0 0.8051 0.676 0.31525 0.63375 1.612 0.4606 0.29575 0.7105 0.57725 2.57075 
0.7056 0.8036 0.5537 0.611 1.37475 0.99125 2.1905 0.962 0.6825 0.77255 0.67275 0.3185 0.64025 1.6185 0.4459 0.9555 0.72765 0.56185 2.58375 
0.7742 0.5145 0.77175 1.014 1.0335 0.30875 1.88175 1.01725 0.6825 0.81005 0.67925 0.2925 1.04325 1.61525 0.4312 0.96525 1.025 0.8722 1.8785 
0.7644 0.5145 0.78155 1.00425 1.014 0.286 1.898 1.04 0.68575 0.4557 1.01075 0.31525 1.0075 1.6055 0.4655 0.988 1.0184 0.55535 1.9045 
1.05765 0.51695 1.09685 0.6825 1.3065 0.0 1.56975 1.0335 0.68575 0.69335 0.99125 0.30875 1.01725 0.99125 0.46305 0.99125 0.5472 0.7824 1.27725 
1.07885 0.5145 1.09355 0.6825 1.3195 0.0 1.2805 1.339 0.6825 0.68355 1.014 0.60125 1.01075 1.00425 0.49735 1.3065 0.5154 0.77755 1.014 
1.0642 0.51695 1.083 0.37375 1.34225 0.32175 0.676 1.001 0.68575 0.7105 1.01075 0.5915 0.702 0.99125 0.26215 1.625 0.7383 0.77505 0.70525 
1.10575 0.81105 1.3729 0.3835 1.30975 0.30875 0.6565 1.02375 0.6825 0.6811 0.70525 0.60775 0.7215 1.001 0.2401 1.60875 0.7539 0.78085 0.663 
1.09105 0.81675 1.40145 0.38025 1.287 0.30225 0.64025 1.04 0.6825 1.0467 0.325 0.6175 0.71825 0.99775 0.2303 1.6055 0.77755 1.1554 0.65325 
1.0805 0.81675 1.3803 0.377 1.32275 0.299 0.676 1.001 0.0 1.74225 0.34125 0.58175 0.71825 0.9945 0.25235 0.9165 1.44125 1.14965 0.676 
1.2798 0.8208 1.17775 0.3575 1.326 0.64025 1.03025 0.62075 0.0 1.7708 0.31525 1.27075 0.33475 0.6175 0.2597 1.61525 1.11125 0.8433 0.69225 
1.04865 1.0577 1.1631 0.37375 1.00425 0.6175 1.02375 0.65325 0.0 2.09165 0.0 1.287 0.325 0.6175 0.245 1.612 1.13655 1.18785 0.68575 
1.0771 1.06505 1.17685 0.38675 0.6955 0.8905 1.29025 0.95875 0.0 1.8646 0.0 1.3195 0.32825 0.6175 0.22295 1.61525 1.3693 1.21315 0.936 
1.0536 1.087 1.141 0.377 0.6565 0.91975 1.6445 0.6695 0.0 1.84835 0.0 0.97825 0.61425 0.33475 0.0 0.97825 1.6282 1.16175 1.00425 
1.05765 1.0601 1.1647 0.69225 0.6825 0.61425 1.9565 0.65325 0.30225 2.0673 0.0 0.6825 0.923 0.34775 0.0 0.98475 1.38075 1.15205 1.001 
1.06575 0.76685 0.8575 0.676 0.663 0.5915 1.924 0.64025 0.325 2.0672 0.2795 0.67925 0.91975 0.32825 0.0 1.00425 1.37095 1.20585 0.9685 
1.07225 1.04125 0.59205 0.67275 0.67925 0.611 1.91425 0.64025 0.3055 1.7041 0.3055 0.6825 0.962 0.299 0.0 0.988 1.37175 0.80845 0.9425 
1.31165 0.52675 0.82165 0.702 0.69875 0.9685 2.314 0.312 0.29575 1.0249 0.31525 0.6825 0.93275 0.33475 0.0 0.97825 1.03465 1.1114 0.64675 
1.03475 0.5439 1.10905 0.31525 0.702 0.9685 1.924 0.3055 0.30225 1.40425 0.676 0.30225 0.9295 0.3315 0.3835 0.988 1.02325 1.1424 0.637 
1.05105 0.54145 1.09515 0.286 0.6565 0.95875 1.88175 0.299 0.32825 1.39855 0.65975 0.31525 0.90025 0.33475 0.36725 1.01075 1.02565 1.1684 0.63375 
0.7154 0.539 0.7987 0.31525 0.99775 0.93925 1.91425 0.30225 0.30225 1.66305 0.68575 0.29575 0.962 0.30875 0.38675 0.98475 1.0338 0.92585 0.61425 
0.7301 0.5439 0.78645 0.312 0.988 0.95875 1.625 0.60775 0.3055 1.672 0.69225 0.299 0.64675 0.3185 0.3835 0.988 1.02975 0.9242 0.92625 
0.72765 0.54145 0.7889 0.0 0.689 0.95875 1.326 0.5785 0.3055 1.40265 0.663 0.93275 0.34125 0.95875 0.60245 0.6825 1.0346 0.9283 1.5405 
1.03395 0.8698 1.3819 0.0 0.99775 0.9685 1.326 0.59475 0.325 1.67205 0.36725 0.9295 0.3315 0.95225 0.58775 0.67925 1.03465 0.6955 1.55025 
1.02175 0.5831 1.6906 0.0 1.014 0.9425 1.28375 0.58825 0.3055 1.68345 0.77025 0.91325 0.325 0.93275 0.62195 0.6825 1.0061 0.676 1.521 
1.0242 0.8273 1.4252 0.0 1.3065 1.29675 0.6175 1.29675 0.30875 1.65085 0.7475 0.923 0.0 1.60875 0.6065 0.67925 0.6958 0.351 1.5405 
1.30595 0.83055 1.14915 0.67925 1.313 0.99125 1.03025 1.5665 0.30225 1.2641 0.364 0.62075 0.2925 2.3205 0.2401 0.0 0.69825 0.338 1.93375 
1.3247 0.802 1.1663 0.6825 1.3 1.001 1.04325 1.57625 0.3185 0.931 0.6825 0.6175 0.3055 2.3335 0.2254 0.0 0.70805 0.0 1.93375 
1.5911 1.12875 1.15405 0.67925 1.3325 0.6825 0.6955 1.28375 0.3055 1.1613 0.715 0.6175 0.299 2.29775 0.2352 0.0 0.4655 0.0 1.61525 
1.59925 1.10265 1.17365 0.6825 1.6445 0.988 0.66625 1.31625 0.6175 1.62435 0.6955 0.6175 0.32175 1.9825 0.23275 0.312 0.0 0.0 1.29025 
1.6269 1.1205 1.17855 0.97825 1.94675 1.01725 1.00425 1.27725 0.60775 1.8669 0.71825 0.32175 0.60775 1.69 0.0 0.286 0.0 0.0 0.9815 
1.3157 0.8061 0.5439 0.9945 1.67375 1.027 1.04975 1.2415 0.56875 1.62925 1.027 0.30225 0.60775 1.66075 0.0 0.26975 0.0 0.22785 0.95875 
1.3263 0.82895 0.5243 0.99125 1.27725 1.36825 1.01075 1.2805 0.598 1.6366 0.6695 0.3055 0.97825 1.6705 0.0 0.2925 0.36075 0.5837 0.975 
1.03245 0.77765 0.8085 1.001 0.94575 0.663 0.988 1.30975 0.962 1.63905 0.64025 0.30225 0.99775 0.98475 0.0 0.65975 0.71175 0.93715 1.677 
1.0682 0.8289 0.79625 0.97825 0.9295 0.702 1.313 0.962 0.93925 1.62435 0.64025 0.7085 0.66625 0.6175 0.0 1.00425 0.715 0.95265 1.5795 
1.05925 0.80935 0.8036 0.9815 0.949 0.7085 1.32275 0.9555 0.923 1.9624 0.31525 0.676 0.6695 0.63375 0.0 0.9685 0.71825 1.27435 1.58925 
0.74235 0.49245 0.82075 1.32275 0.6565 1.00425 1.6315 1.586 0.91 1.5051 0.33475 0.6695 0.702 0.598 0.0 0.9945 1.1935 1.2629 2.184 
0.735 0.49735 0.8232 1.3065 0.3055 0.68575 1.9045 1.3 0.637 1.0379 0.31525 0.69225 0.69225 1.23175 0.2401 1.02375 1.43515 1.3044 2.53175 
0.74725 0.5047 0.80605 0.99125 0.0 0.6825 1.92725 1.61525 0.33475 0.5577 0.29575 0.6825 0.37375 0.93275 0.45325 0.988 1.6672 1.2988 2.548 
0.74725 0.5047 0.79625 0.9945 0.0 0.6695 1.9175 1.61525 0.338 0.54955 0.28925 0.7085 0.36725 0.91325 0.4557 1.0075 1.6493 1.28745 2.53175 
0.7546 0.7742 0.53165 0.99775 0.364 0.299 1.8915 1.5925 0.33475 0.55365 0.299 0.67925 0.0 0.91325 0.4361 1.0075 1.30895 0.91935 2.509 
0.74725 1.04615 0.26215 1.00425 0.37375 0.29575 2.25225 1.27075 0.67925 0.5626 0.30225 0.6825 0.34125 0.93275 0.46795 1.35525 0.92855 0.5724 2.20675 
0.74235 1.0388 0.27685 0.67275 0.69225 0.312 1.96625 1.261 0.9945 0.54555 0.3055 0.31525 0.351 0.988 0.4655 1.29675 0.931 0.55045 2.25225 
0.98735 0.80115 0.26705 0.6955 1.00425 0.30225 1.97275 1.248 0.97825 0.5512 0.29575 0.312 0.36075 1.001 0.441 1.25125 0.9506 0.5708 2.25225 
0.9947 0.79135 0.26215 0.988 1.01075 0.0 1.625 1.235 0.988 0.56425 0.30875 0.28925 0.66625 1.3065 0.42875 1.2675 0.9653 0.56425 1.911 
1.01185 0.79135 0.2548 1.00425 1.0075 0.0 1.34875 1.586 0.97825 0.5699 0.299 0.62725 0.62725 1.29025 0.46795 1.599 0.931 0.5846 1.6835 
0.9947 1.0952 0.58395 0.9945 0.98475 0.0 1.03675 1.25775 1.3 0.54635 0.30225 0.30875 0.65975 1.30325 0.23275 1.9175 0.92855 0.79135 1.326 
1.00205 1.41375 0.87475 0.9945 1.01725 0.0 1.00425 1.287 1.9045 0.34125 0.30225 0.3315 0.65 1.30325 0.21315 2.51875 1.41855 0.57235 1.313 
0.9849 1.42675 0.9049 0.97825 1.01725 0.0 0.975 1.3065 1.9435 0.3185 0.3055 0.351 0.663 1.2935 0.2009 2.56425 1.42345 0.5586 1.27075 
0.98245 1.439 0.89755 0.99125 1.027 0.0 1.3585 0.93275 1.5535 0.689 0.2925 0.31525 0.97825 1.28375 0.22785 2.17425 1.76705 0.55855 1.001 
0.99225 1.41945 0.88045 0.61425 0.71175 0.67925 1.29025 1.209 1.248 0.69225 0.30225 0.689 0.97175 0.90675 0.23765 2.25225 1.74175 0.56995 0.936 
1.01185 1.39745 0.8707 0.6175 0.69875 0.6825 1.27075 1.25775 1.25125 0.68575 0.30225 0.71175 1.001 0.93275 0.21315 2.24575 1.7761 0.56095 0.897 
1.02165 1.42595 0.86735 0.30875 0.73775 0.9945 1.87525 0.96525 1.274 0.7085 0.3055 1.04 0.68575 0.6175 0.2009 2.5805 1.7753 0.5992 0.884 
1.3125 1.42835 1.18755 0.3055 0.715 1.2935 2.21975 0.61425 1.27075 0.6955 0.299 0.689 0.6825 0.32175 0.0 1.95975 1.7516 0.80835 0.936 
1.33605 1.118 0.89095 0.33475 1.04325 1.60225 2.23275 0.598 0.95225 0.9429 0.299 0.702 0.6825 0.611 0.0 1.66075 1.7377 0.5968 1.209 
1.61555 0.8085 0.84135 0.29575 1.365 1.58925 2.23275 0.63375 0.3315 1.1813 0.0 0.66625 0.68575 0.6305 0.0 1.001 1.30975 0.8099 1.26425 
1.34945 1.03145 0.83005 0.312 1.248 1.94675 2.21975 0.6045 0.32175 1.542 0.0 0.6955 1.066 0.6435 0.0 1.01725 1.70465 0.79285 1.2545 
1.8697 0.5145 0.8162 0.65975 1.274 2.3205 1.8915 0.6045 0.0 1.2 0.0 0.69875 0.38025 0.663 0.0 0.702 1.31615 0.8181 1.2675 
1.39495 1.03145 0.878 0.65975 1.27075 1.62825 1.573 0.30225 0.0 1.8467 0.0 0.31525 0.364 0.60125 0.38025 0.6955 1.59315 0.82715 0.9035 
1.3632 1.029 0.87075 0.64025 0.93275 1.94025 1.57625 0.312 0.0 1.51525 0.0 0.3055 0.6955 0.63375 0.38675 0.69225 1.9443 0.7717 0.949 
1.6533 1.33695 1.45165 0.34125 1.19925 1.63475 0.95875 0.0 0.0 1.5062 0.0 0.0 0.71825 0.63375 0.3705 0.3705 1.5276 1.26165 0.63375 
1.3721 1.3337 1.1966 0.3315 1.859 1.9955 0.637 0.33475 0.0 2.00355 0.0 0.0 0.69225 0.66625 0.36725 0.36725 1.2296 1.02655 0.3315 
1.39245 1.3207 1.1868 0.3315 1.82975 1.99875 0.65325 0.31525 0.0 1.99945 0.0 0.0 0.71175 0.63375 0.377 0.377 1.24915 1.03955 0.3185 
1.0805 1.33775 0.8772 0.32175 1.547 2.01175 0.66625 0.312 0.299 1.7659 0.299 0.0 0.7215 0.62725 0.38675 0.68575 1.4705 1.0493 0.31525 
1.3271 1.09115 0.8772 0.33475 1.60225 1.625 0.624 0.3445 0.299 1.3881 0.299 0.0 0.34125 0.65975 0.3835 0.6825 1.09595 1.04685 0.31525 
1.2945 1.10905 0.8919 0.0 1.599 1.9175 0.2795 1.027 0.30875 1.3734 0.30875 0.0 0.6565 0.98475 0.377 0.68575 1.105 1.01675 0.63375 
1.33195 1.0855 0.87395 0.0 1.89475 2.25875 0.3055 0.99775 0.2925 1.08665 0.2925 0.30225 0.67925 0.97175 0.3835 0.97825 0.7896 1.05175 0.6565 
1.0625 1.3484 0.88455 0.0 1.92075 1.924 0.3055 0.9945 0.31525 1.39455 0.31525 0.3185 0.33475 0.96525 0.36725 1.001 0.47285 1.02975 0.64025 
0.74235 1.0437 0.2744 0.3055 1.92725 1.9175 0.5915 1.01725 0.299 1.64035 0.299 0.611 0.32825 1.00425 0.38025 1.29025 0.686 0.56185 0.64675 
0.73745 1.06085 0.26215 0.58175 1.9175 1.638 0.65975 0.68575 0.3055 1.6419 0.3055 0.61425 0.325 0.663 0.3835 1.30325 0.7056 0.5732 0.62725 
0.7497 1.04615 0.2646 0.5915 1.62175 1.32275 0.936 0.9945 0.29575 1.41085 0.29575 0.92625 0.33475 0.34775 0.836 1.58925 0.4508 0.5773 0.64675 
