43.5156 25.7868 7.41 23.595 24.141 3.705 15.912 0.0 19.305 18.012 0.0 7.722 11.934 0.0 9.7092 7.605 2.9106 8.229 0.0 
3.9162 1.83625 0.6175 1.97925 1.6445 0.299 1.32925 0.0 1.625 1.48785 0.0 0.624 1.00425 0.0 0.83205 0.60775 0.23275 0.68575 0.0 
3.88615 1.86225 0.6175 2.3075 1.29675 0.29575 1.0075 0.0 1.313 1.47485 0.0 0.31525 0.988 0.0 0.84015 0.6305 0.23765 0.68575 0.0 
3.4082 2.39625 0.6175 1.5925 1.27725 0.325 0.2925 0.0 1.989 1.48135 0.0 0.0 0.6175 0.0 0.83365 0.99775 0.23765 0.68575 0.0 
2.87095 2.3735 1.1377 1.61525 0.6175 0.30225 0.31525 0.0 1.61525 1.1613 0.0 0.0 0.6175 0.0 0.4606 1.0075 0.245 0.0 0.0 
2.25995 1.7495 1.13525 1.61525 1.23825 0.3055 0.312 0.0 0.99775 1.62925 0.0 0.0 0.6175 0.0 0.23765 0.68575 0.0 0.0 0.0 
1.6327 1.13525 1.132 1.001 1.235 0.30225 0.93275 0.0 0.6825 1.39895 0.0 0.62075 0.6175 0.0 0.46795 0.68575 0.0 0.0 0.0 
1.33695 0.82975 1.13525 0.68575 0.92625 0.0 0.6175 0.0 0.68575 0.93345 0.0 0.6175 0.0 0.0 0.46795 0.68575 0.4655 0.0 0.0 
1.029 0.5145 0.5145 0.68575 0.6175 0.0 0.6175 0.0 0.6825 0.46795 0.0 0.6175 0.0 0.0 0.4655 0.68575 0.4655 0.46795 0.0 
1.0339 0.5145 0.5145 0.68575 0.6175 0.0 0.6175 0.0 0.68575 0.46795 0.0 0.6175 0.0 0.0 0.4655 0.68575 0.4655 0.46795 0.0 
1.03145 0.5145 0.5145 0.68575 0.6175 0.0 0.6175 0.0 0.68575 0.4655 0.0 0.6175 0.0 0.0 0.4655 0.68575 0.46795 0.46795 0.0 
1.03145 0.5145 0.5145 0.68575 0.6175 0.0 0.6175 0.0 0.68575 0.4655 0.0 0.6175 0.0 0.0 0.4655 0.68575 0.46795 0.46795 0.0 
1.029 0.5145 0.5145 0.68575 0.6175 0.0 0.6175 0.0 0.6825 0.4655 0.0 0.6175 0.0 0.0 0.4655 0.68575 0.46795 0.4655 0.0 
1.03145 0.5145 0.5145 0.68575 0.62075 0.0 0.62075 0.0 0.6825 0.4655 0.0 0.62075 0.0 0.0 0.46795 0.68575 0.46795 0.4655 0.0 
1.029 0.5145 0.5145 0.6825 0.62075 0.0 0.6175 0.0 0.6825 0.4655 0.0 0.62075 0.0 0.0 0.46795 0.6825 0.4655 0.4655 0.0 
1.03145 0.5145 0.5145 0.6825 0.62075 0.0 0.6175 0.0 0.6825 0.46795 0.0 0.6175 0.0 0.0 0.46795 0.6825 0.4655 0.4655 0.0 
1.029 0.5145 0.5145 0.6825 0.6175 0.0 0.6175 0.0 0.6825 0.4655 0.0 0.6175 0.0 0.0 0.4655 0.6825 0.4655 0.46795 0.0 
1.029 0.5145 0.51695 0.6825 0.6175 0.0 0.6175 0.0 0.6825 0.4655 0.0 0.6175 0.0 0.0 0.4655 0.6825 0.46795 0.46795 0.0 
1.029 0.5145 0.51695 0.6825 0.6175 0.0 0.62075 0.0 0.6825 0.4655 0.0 0.62075 0.0 0.0 0.4655 0.6825 0.46795 0.4655 0.0 
1.029 0.5145 0.5145 0.6825 0.6175 0.0 0.6175 0.0 0.6825 0.4655 0.0 0.6175 0.0 0.0 0.46795 0.6825 0.4655 0.4655 0.0 
1.029 0.51695 0.5145 0.68575 0.6175 0.0 0.6175 0.0 0.68575 0.46795 0.0 0.6175 0.0 0.0 0.4655 0.68575 0.4655 0.46795 0.0 
1.029 0.51695 0.5145 0.6825 0.6175 0.0 0.6175 0.0 0.68575 0.46795 0.0 0.6175 0.0 0.0 0.4655 0.68575 0.4655 0.46795 0.0 
1.029 0.5145 0.51695 0.6825 0.62075 0.0 0.6175 0.0 0.6825 0.46795 0.0 0.6175 0.0 0.0 0.46795 0.6825 0.4655 0.46795 0.0 
1.03145 0.5145 0.51695 0.6825 0.62075 0.0 0.6175 0.0 0.6825 0.46795 0.0 0.62075 0.0 0.0 0.46795 0.6825 0.4655 0.46795 0.0 
1.029 0.5145 0.5145 0.6825 0.6175 0.0 0.6175 0.0 0.6825 0.46795 0.0 0.6175 0.0 0.0 0.4655 0.6825 0.4655 0.46795 0.0 
1.029 0.5145 0.51695 0.6825 0.6175 0.0 0.6175 0.0 0.6825 0.4655 0.0 0.6175 0.0 0.0 0.4655 0.6825 0.46795 0.46795 0.0 
1.03145 0.5145 0.51695 0.6825 0.6175 0.0 0.6175 0.0 0.6825 0.4655 0.0 0.6175 0.0 0.0 0.4655 0.6825 0.46795 0.46795 0.0 
1.0339 0.5145 0.5145 0.68575 0.6175 0.0 0.6175 0.0 0.6825 0.4655 0.0 0.6175 0.0 0.0 0.4655 0.68575 0.46795 0.46795 0.0 
1.03145 0.5145 0.5145 0.68575 0.6175 0.0 0.62075 0.0 0.6825 0.4655 0.0 0.62075 0.0 0.0 0.46795 0.68575 0.46795 0.46795 0.0 
1.0339 0.5145 0.5145 0.68575 0.6175 0.0 0.62075 0.0 0.6825 0.4655 0.0 0.62075 0.0 0.0 0.46795 0.68575 0.46795 0.46795 0.0 
1.03145 0.5145 0.5145 0.68575 0.6175 0.0 0.62075 0.0 0.6825 0.4655 0.0 0.62075 0.0 0.0 0.46795 0.68575 0.46795 0.4655 0.0 
1.0339 0.5145 0.5145 0.68575 0.62075 0.0 0.62075 0.0 0.68575 0.46795 0.0 0.62075 0.0 0.0 0.46795 0.68575 0.46795 0.4655 0.0 
1.03145 0.5145 0.5145 0.68575 0.62075 0.0 0.6175 0.0 0.6825 0.46795 0.0 0.6175 0.0 0.0 0.46795 0.68575 0.4655 0.4655 0.0 
1.0339 0.5145 0.5145 0.68575 0.6175 0.0 0.6175 0.0 0.6825 0.46795 0.0 0.6175 0.0 0.0 0.4655 0.68575 0.4655 0.46795 0.0 
1.0339 0.5145 0.5145 0.68575 0.6175 0.0 0.6175 0.0 0.6825 0.4655 0.0 0.6175 0.0 0.0 0.4655 0.68575 0.4655 0.46795 0.0 
1.03145 0.5145 0.5145 0.68575 0.6175 0.0 0.6175 0.0 0.68575 0.4655 0.0 0.6175 0.0 0.0 0.4655 0.68575 0.46795 0.46795 0.0 
1.03145 0.5145 0.5145 0.68575 0.6175 0.0 0.6175 0.0 0.6825 0.4655 0.0 0.6175 0.0 0.0 0.4655 0.68575 0.46795 0.46795 0.0 
1.03145 0.5145 0.5145 0.6825 0.6175 0.0 0.62075 0.0 0.6825 0.4655 0.0 0.62075 0.0 0.0 0.46795 0.68575 0.46795 0.4655 0.0 
1.0339 0.5145 0.5145 0.68575 0.62075 0.0 0.62075 0.0 0.6825 0.4655 0.0 0.62075 0.0 0.0 0.46795 0.68575 0.46795 0.4655 0.0 
1.03145 0.51695 0.5145 0.68575 0.62075 0.0 0.62075 0.0 0.68575 0.4655 0.0 0.62075 0.0 0.0 0.46795 0.68575 0.46795 0.4655 0.0 
1.029 0.51695 0.5145 0.68575 0.62075 0.0 0.6175 0.0 0.68575 0.4655 0.0 0.62075 0.0 0.0 0.46795 0.68575 0.4655 0.4655 0.0 
1.03145 0.51695 0.5145 0.68575 0.6175 0.0 0.6175 0.0 0.68575 0.46795 0.0 0.6175 0.0 0.0 0.4655 0.68575 0.4655 0.46795 0.0 
1.029 0.51695 0.51695 0.6825 0.6175 0.0 0.6175 0.0 0.68575 0.46795 0.0 0.6175 0.0 0.0 0.46795 0.68575 0.4655 0.46795 0.0 
1.029 0.5145 0.51695 0.6825 0.6175 0.0 0.6175 0.0 0.6825 0.46795 0.0 0.6175 0.0 0.0 0.4655 0.6825 0.4655 0.46795 0.0 
1.029 0.51695 0.51695 0.6825 0.6175 0.0 0.6175 0.0 0.68575 0.4655 0.0 0.6175 0.0 0.0 0.4655 0.68575 0.46795 0.46795 0.0 
1.029 0.5145 0.51695 0.6825 0.6175 0.0 0.6175 0.0 0.6825 0.4655 0.0 0.6175 0.0 0.0 0.4655 0.6825 0.46795 0.46795 0.0 
1.03145 0.5145 0.51695 0.6825 0.6175 0.0 0.6175 0.0 0.6825 0.4655 0.0 0.6175 0.0 0.0 0.4655 0.6825 0.46795 0.46795 0.0 
1.029 0.51205 0.5145 0.6825 0.61425 0.0 0.61425 0.0 0.67925 0.46305 0.0 0.61425 0.0 0.0 0.46305 0.6825 0.4655 0.4655 0.0 
1.03145 0.5145 0.5145 0.68575 0.6175 0.0 0.6175 0.0 0.68575 0.4655 0.0 0.6175 0.0 0.0 0.4655 0.68575 0.46795 0.46795 0.0 
1.03145 0.51695 0.5145 0.68575 0.6175 0.0 0.62075 0.0 0.68575 0.4655 0.0 0.62075 0.0 0.0 0.46795 0.68575 0.46795 0.46795 0.0 
1.03145 0.51695 0.5145 0.68575 0.6175 0.0 0.62075 0.0 0.68575 0.4655 0.0 0.62075 0.0 0.0 0.46795 0.68575 0.46795 0.46795 0.0 
1.029 0.51695 0.5145 0.6825 0.6175 0.0 0.62075 0.0 0.68575 0.4655 0.0 0.62075 0.0 0.0 0.46795 0.68575 0.46795 0.4655 0.0 
1.029 0.51695 0.5145 0.6825 0.62075 0.0 0.62075 0.0 0.68575 0.46795 0.0 0.62075 0.0 0.0 0.46795 0.68575 0.46795 0.4655 0.0 
1.029 0.5145 0.5145 0.6825 0.6175 0.0 0.6175 0.0 0.68575 0.46795 0.0 0.6175 0.0 0.0 0.4655 0.68575 0.4655 0.4655 0.0 
1.03145 0.5145 0.5145 0.68575 0.6175 0.0 0.6175 0.0 0.68575 0.4655 0.0 0.6175 0.0 0.0 0.4655 0.68575 0.4655 0.46795 0.0 
1.029 0.5145 0.5145 0.68575 0.6175 0.0 0.62075 0.0 0.6825 0.4655 0.0 0.62075 0.0 0.0 0.46795 0.68575 0.46795 0.4655 0.0 
1.03145 0.5145 0.5145 0.6825 0.62075 0.0 0.6175 0.0 0.6825 0.46795 0.0 0.6175 0.0 0.0 0.46795 0.6825 0.4655 0.4655 0.0 
1.03145 0.5145 0.51695 0.6825 0.6175 0.0 0.6175 0.0 0.6825 0.46795 0.0 0.6175 0.0 0.0 0.4655 0.6825 0.4655 0.46795 0.0 
1.03145 0.5145 0.5145 0.6825 0.6175 0.0 0.6175 0.0 0.6825 0.46795 0.0 0.6175 0.0 0.0 0.4655 0.68575 0.4655 0.46795 0.0 
1.029 0.5145 0.5145 0.68575 0.6175 0.0 0.6175 0.0 0.6825 0.46795 0.0 0.6175 0.0 0.0 0.4655 0.68575 0.4655 0.46795 0.0 
1.03145 0.5145 0.5145 0.6825 0.6175 0.0 0.6175 0.0 0.6825 0.4655 0.0 0.6175 0.0 0.0 0.4655 0.6825 0.46795 0.46795 0.0 
1.03145 0.5145 0.5145 0.6825 0.6175 0.0 0.6175 0.0 0.6825 0.4655 0.0 0.6175 0.0 0.0 0.4655 0.6825 0.46795 0.46795 0.0 
1.03145 0.5145 0.5145 0.6825 0.6175 0.0 0.62075 0.0 0.6825 0.4655 0.0 0.62075 0.0 0.0 0.46795 0.68575 0.46795 0.46795 0.0 
1.0339 0.5145 0.5145 0.68575 0.6175 0.0 0.62075 0.0 0.6825 0.4655 0.0 0.62075 0.0 0.0 0.46795 0.68575 0.46795 0.46795 0.0 
1.03145 0.5145 0.5145 0.6825 0.62075 0.0 0.62075 0.0 0.6825 0.4655 0.0 0.62075 0.0 0.0 0.46795 0.68575 0.46795 0.4655 0.0 
1.03145 0.5145 0.5145 0.6825 0.62075 0.0 0.62075 0.0 0.6825 0.46795 0.0 0.62075 0.0 0.0 0.46795 0.68575 0.46795 0.4655 0.0 
1.029 0.5145 0.5145 0.6825 0.62075 0.0 0.6175 0.0 0.6825 0.46795 0.0 0.6175 0.0 0.0 0.46795 0.68575 0.4655 0.4655 0.0 
1.03145 0.5145 0.5145 0.6825 0.6175 0.0 0.6175 0.0 0.6825 0.46795 0.0 0.6175 0.0 0.0 0.4655 0.68575 0.4655 0.4655 0.0 
1.03145 0.5145 0.5145 0.6825 0.6175 0.0 0.6175 0.0 0.6825 0.4655 0.0 0.6175 0.0 0.0 0.4655 0.6825 0.4655 0.46795 0.0 
1.0339 0.5145 0.5145 0.68575 0.6175 0.0 0.6175 0.0 0.68575 0.4655 0.0 0.6175 0.0 0.0 0.4655 0.68575 0.4655 0.46795 0.0 
1.03145 0.51695 0.5145 0.68575 0.6175 0.0 0.6175 0.0 0.68575 0.4655 0.0 0.6175 0.0 0.0 0.4655 0.68575 0.4655 0.46795 0.0 
1.029 0.51695 0.5145 0.6825 0.6175 0.0 0.6175 0.0 0.68575 0.4655 0.0 0.6175 0.0 0.0 0.4655 0.68575 0.46795 0.46795 0.0 
1.029 0.51695 0.5145 0.6825 0.6175 0.0 0.6175 0.0 0.68575 0.4655 0.0 0.6175 0.0 0.0 0.4655 0.68575 0.46795 0.46795 0.0 
1.03145 0.51695 0.5145 0.68575 0.6175 0.0 0.62075 0.0 0.68575 0.4655 0.0 0.62075 0.0 0.0 0.46795 0.68575 0.46795 0.46795 0.0 
1.029 0.51695 0.5145 0.6825 0.6175 0.0 0.62075 0.0 0.68575 0.4655 0.0 0.62075 0.0 0.0 0.46795 0.68575 0.46795 0.46795 0.0 
1.029 0.5145 0.5145 0.6825 0.6175 0.0 0.62075 0.0 0.6825 0.4655 0.0 0.6175 0.0 0.0 0.4655 0.6825 0.46795 0.46795 0.0 
1.029 0.51695 0.5145 0.6825 0.6175 0.0 0.62075 0.0 0.68575 0.4655 0.0 0.62075 0.0 0.0 0.46795 0.68575 0.46795 0.4655 0.0 
1.029 0.51695 0.51695 0.6825 0.6175 0.0 0.62075 0.0 0.68575 0.4655 0.0 0.62075 0.0 0.0 0.46795 0.6825 0.46795 0.4655 0.0 
1.029 0.5145 0.51695 0.6825 0.62075 0.0 0.62075 0.0 0.6825 0.4655 0.0 0.62075 0.0 0.0 0.46795 0.6825 0.46795 0.4655 0.0 
1.029 0.5145 0.51695 0.6825 0.62075 0.0 0.62075 0.0 0.6825 0.46795 0.0 0.62075 0.0 0.0 0.46795 0.6825 0.46795 0.4655 0.0 
