43.575 25.6398 7.41 23.595 23.907 3.666 15.951 0.0 19.344 18.0402 0.0 7.644 11.973 0.0 9.6516 7.566 2.94 8.229 0.0 
3.89995 1.85575 0.6175 1.95975 1.64125 0.30225 1.33575 0.0 1.62825 1.48715 0.0 0.6435 0.9945 0.0 0.81805 0.637 0.24745 0.68575 0.0 
3.8975 1.84925 0.62075 2.301 1.30325 0.299 1.001 0.0 1.3 1.4854 0.0 0.29575 1.00425 0.0 0.83205 0.6045 0.23275 0.68575 0.0 
3.4082 2.38245 0.62075 1.599 1.2935 0.3185 0.299 0.0 2.0085 1.46505 0.0 0.0 0.6175 0.0 0.85485 0.9945 0.23275 0.68575 0.0 
2.87175 2.38895 1.1377 1.6055 0.60125 0.312 0.3055 0.0 1.6315 1.15395 0.0 0.0 0.6175 0.0 0.4802 0.9945 0.23275 0.0 0.0 
2.2632 1.769 1.1377 1.60225 1.222 0.31525 0.30225 0.0 0.97825 1.64395 0.0 0.0 0.6175 0.0 0.2254 0.6825 0.0 0.0 0.0 
1.6457 1.1125 1.13525 1.0075 1.25775 0.29575 0.93925 0.0 0.6825 1.4014 0.0 0.6175 0.6175 0.0 0.4655 0.68575 0.0 0.0 0.0 
1.33615 0.82975 1.132 0.68575 0.91975 0.0 0.6175 0.0 0.6825 0.93345 0.0 0.6175 0.0 0.0 0.4655 0.68575 0.46795 0.0 0.0 
1.0339 0.5145 0.5145 0.68575 0.6175 0.0 0.6175 0.0 0.68575 0.4655 0.0 0.6175 0.0 0.0 0.4655 0.68575 0.46795 0.46795 0.0 
1.0339 0.5145 0.5145 0.68575 0.6175 0.0 0.62075 0.0 0.68575 0.4655 0.0 0.62075 0.0 0.0 0.46795 0.68575 0.46795 0.46795 0.0 
1.03145 0.5145 0.5145 0.68575 0.6175 0.0 0.62075 0.0 0.68575 0.4655 0.0 0.62075 0.0 0.0 0.46795 0.68575 0.46795 0.46795 0.0 
1.029 0.51695 0.5145 0.6825 0.6175 0.0 0.62075 0.0 0.68575 0.4655 0.0 0.62075 0.0 0.0 0.46795 0.68575 0.46795 0.46795 0.0 
1.029 0.51695 0.5145 0.6825 0.6175 0.0 0.62075 0.0 0.68575 0.4655 0.0 0.62075 0.0 0.0 0.46795 0.68575 0.46795 0.4655 0.0 
1.029 0.51695 0.51695 0.6825 0.6175 0.0 0.62075 0.0 0.68575 0.4655 0.0 0.62075 0.0 0.0 0.46795 0.68575 0.46795 0.4655 0.0 
1.029 0.51695 0.51695 0.6825 0.62075 0.0 0.6175 0.0 0.68575 0.46795 0.0 0.62075 0.0 0.0 0.46795 0.68575 0.46795 0.4655 0.0 
1.029 0.51695 0.51695 0.6825 0.62075 0.0 0.62075 0.0 0.68575 0.46795 0.0 0.62075 0.0 0.0 0.46795 0.68575 0.46795 0.46795 0.0 
1.03145 0.5145 0.5145 0.68575 0.6175 0.0 0.62075 0.0 0.6825 0.4655 0.0 0.62075 0.0 0.0 0.46795 0.68575 0.46795 0.4655 0.0 
1.0339 0.5145 0.5145 0.68575 0.62075 0.0 0.6175 0.0 0.6825 0.46795 0.0 0.62075 0.0 0.0 0.46795 0.68575 0.4655 0.4655 0.0 
1.0339 0.5145 0.5145 0.68575 0.62075 0.0 0.6175 0.0 0.68575 0.46795 0.0 0.62075 0.0 0.0 0.46795 0.68575 0.4655 0.4655 0.0 
1.029 0.51695 0.5145 0.6825 0.62075 0.0 0.6175 0.0 0.68575 0.46795 0.0 0.62075 0.0 0.0 0.46795 0.68575 0.4655 0.4655 0.0 
1.029 0.51695 0.51695 0.6825 0.62075 0.0 0.6175 0.0 0.68575 0.46795 0.0 0.62075 0.0 0.0 0.46795 0.68575 0.46795 0.4655 0.0 
1.029 0.5145 0.51695 0.6825 0.62075 0.0 0.6175 0.0 0.6825 0.46795 0.0 0.62075 0.0 0.0 0.46795 0.6825 0.4655 0.4655 0.0 
1.029 0.5145 0.51695 0.6825 0.62075 0.0 0.62075 0.0 0.6825 0.46795 0.0 0.62075 0.0 0.0 0.46795 0.6825 0.46795 0.4655 0.0 
1.029 0.5145 0.51695 0.6825 0.6175 0.0 0.6175 0.0 0.6825 0.46795 0.0 0.6175 0.0 0.0 0.4655 0.6825 0.4655 0.4655 0.0 
1.029 0.5145 0.5145 0.6825 0.6175 0.0 0.6175 0.0 0.6825 0.4655 0.0 0.6175 0.0 0.0 0.4655 0.6825 0.4655 0.46795 0.0 
1.03145 0.5145 0.5145 0.68575 0.6175 0.0 0.6175 0.0 0.68575 0.4655 0.0 0.6175 0.0 0.0 0.4655 0.68575 0.46795 0.46795 0.0 
1.03145 0.5145 0.5145 0.68575 0.6175 0.0 0.62075 0.0 0.68575 0.4655 0.0 0.62075 0.0 0.0 0.46795 0.68575 0.46795 0.46795 0.0 
1.029 0.51695 0.5145 0.6825 0.6175 0.0 0.6175 0.0 0.68575 0.4655 0.0 0.6175 0.0 0.0 0.4655 0.68575 0.46795 0.46795 0.0 
1.029 0.51695 0.51695 0.6825 0.6175 0.0 0.6175 0.0 0.68575 0.4655 0.0 0.6175 0.0 0.0 0.4655 0.68575 0.46795 0.46795 0.0 
1.029 0.5145 0.51695 0.6825 0.6175 0.0 0.62075 0.0 0.6825 0.4655 0.0 0.62075 0.0 0.0 0.4655 0.6825 0.46795 0.46795 0.0 
1.029 0.5145 0.51695 0.6825 0.6175 0.0 0.6175 0.0 0.6825 0.4655 0.0 0.6175 0.0 0.0 0.4655 0.6825 0.46795 0.4655 0.0 
1.029 0.51695 0.51695 0.6825 0.62075 0.0 0.62075 0.0 0.68575 0.46795 0.0 0.62075 0.0 0.0 0.46795 0.68575 0.46795 0.4655 0.0 
1.029 0.51205 0.5145 0.6825 0.62075 0.0 0.6175 0.0 0.6825 0.46795 0.0 0.62075 0.0 0.0 0.46795 0.6825 0.46795 0.4655 0.0 
1.03145 0.5145 0.5145 0.68575 0.62075 0.0 0.6175 0.0 0.68575 0.46795 0.0 0.62075 0.0 0.0 0.46795 0.68575 0.4655 0.4655 0.0 
1.03145 0.5145 0.5145 0.68575 0.62075 0.0 0.6175 0.0 0.68575 0.46795 0.0 0.62075 0.0 0.0 0.46795 0.68575 0.4655 0.4655 0.0 
1.03145 0.51695 0.5145 0.68575 0.62075 0.0 0.6175 0.0 0.68575 0.46795 0.0 0.62075 0.0 0.0 0.46795 0.68575 0.4655 0.46795 0.0 
1.03145 0.51695 0.5145 0.68575 0.6175 0.0 0.6175 0.0 0.68575 0.46795 0.0 0.6175 0.0 0.0 0.4655 0.68575 0.4655 0.46795 0.0 
1.03145 0.5145 0.5145 0.68575 0.6175 0.0 0.6175 0.0 0.68575 0.4655 0.0 0.6175 0.0 0.0 0.4655 0.68575 0.4655 0.46795 0.0 
1.03145 0.51695 0.5145 0.68575 0.6175 0.0 0.6175 0.0 0.68575 0.4655 0.0 0.6175 0.0 0.0 0.4655 0.68575 0.46795 0.46795 0.0 
1.03145 0.51695 0.5145 0.68575 0.6175 0.0 0.6175 0.0 0.68575 0.4655 0.0 0.6175 0.0 0.0 0.4655 0.68575 0.46795 0.46795 0.0 
1.029 0.51695 0.5145 0.6825 0.6175 0.0 0.6175 0.0 0.68575 0.4655 0.0 0.6175 0.0 0.0 0.4655 0.68575 0.46795 0.46795 0.0 
1.029 0.51695 0.5145 0.6825 0.6175 0.0 0.62075 0.0 0.68575 0.4655 0.0 0.62075 0.0 0.0 0.46795 0.68575 0.46795 0.46795 0.0 
1.029 0.51695 0.5145 0.6825 0.6175 0.0 0.62075 0.0 0.68575 0.4655 0.0 0.62075 0.0 0.0 0.46795 0.68575 0.46795 0.4655 0.0 
1.029 0.51695 0.5145 0.6825 0.6175 0.0 0.62075 0.0 0.68575 0.4655 0.0 0.62075 0.0 0.0 0.46795 0.68575 0.46795 0.4655 0.0 
1.029 0.51695 0.5145 0.6825 0.62075 0.0 0.6175 0.0 0.68575 0.46795 0.0 0.62075 0.0 0.0 0.46795 0.68575 0.4655 0.4655 0.0 
1.03145 0.51695 0.5145 0.68575 0.62075 0.0 0.6175 0.0 0.68575 0.46795 0.0 0.6175 0.0 0.0 0.46795 0.68575 0.4655 0.46795 0.0 
1.029 0.51695 0.51695 0.6825 0.62075 0.0 0.6175 0.0 0.68575 0.46795 0.0 0.6175 0.0 0.0 0.46795 0.68575 0.4655 0.46795 0.0 
1.029 0.51695 0.51695 0.6825 0.6175 0.0 0.6175 0.0 0.68575 0.4655 0.0 0.6175 0.0 0.0 0.4655 0.68575 0.4655 0.46795 0.0 
1.029 0.51695 0.51695 0.6825 0.6175 0.0 0.6175 0.0 0.68575 0.4655 0.0 0.6175 0.0 0.0 0.4655 0.6825 0.46795 0.46795 0.0 
1.029 0.5145 0.51695 0.6825 0.6175 0.0 0.6175 0.0 0.6825 0.4655 0.0 0.6175 0.0 0.0 0.4655 0.6825 0.46795 0.46795 0.0 
1.029 0.5145 0.51695 0.6825 0.6175 0.0 0.62075 0.0 0.6825 0.4655 0.0 0.6175 0.0 0.0 0.4655 0.6825 0.46795 0.46795 0.0 
1.029 0.5145 0.5145 0.6825 0.6175 0.0 0.6175 0.0 0.6825 0.4655 0.0 0.6175 0.0 0.0 0.4655 0.6825 0.46795 0.46795 0.0 
1.029 0.5145 0.51695 0.6825 0.6175 0.0 0.62075 0.0 0.6825 0.4655 0.0 0.62075 0.0 0.0 0.46795 0.6825 0.46795 0.4655 0.0 
1.02655 0.51205 0.5145 0.6825 0.6175 0.0 0.6175 0.0 0.67925 0.46795 0.0 0.6175 0.0 0.0 0.4655 0.6825 0.4655 0.4655 0.0 
1.02655 0.5145 0.5145 0.6825 0.6175 0.0 0.6175 0.0 0.6825 0.4655 0.0 0.6175 0.0 0.0 0.4655 0.6825 0.4655 0.4655 0.0 
1.029 0.51695 0.5145 0.6825 0.62075 0.0 0.6175 0.0 0.68575 0.46795 0.0 0.62075 0.0 0.0 0.46795 0.68575 0.4655 0.4655 0.0 
1.03145 0.51695 0.5145 0.68575 0.62075 0.0 0.6175 0.0 0.68575 0.46795 0.0 0.6175 0.0 0.0 0.46795 0.68575 0.4655 0.46795 0.0 
1.03145 0.51695 0.5145 0.68575 0.6175 0.0 0.6175 0.0 0.68575 0.46795 0.0 0.6175 0.0 0.0 0.4655 0.68575 0.4655 0.46795 0.0 
1.029 0.5145 0.51695 0.6825 0.62075 0.0 0.6175 0.0 0.6825 0.46795 0.0 0.62075 0.0 0.0 0.46795 0.6825 0.4655 0.4655 0.0 
1.03145 0.5145 0.51695 0.6825 0.62075 0.0 0.6175 0.0 0.6825 0.46795 0.0 0.6175 0.0 0.0 0.46795 0.6825 0.4655 0.4655 0.0 
1.029 0.5145 0.51695 0.6825 0.6175 0.0 0.6175 0.0 0.6825 0.4655 0.0 0.6175 0.0 0.0 0.4655 0.6825 0.4655 0.46795 0.0 
1.03145 0.5145 0.5145 0.6825 0.6175 0.0 0.6175 0.0 0.6825 0.4655 0.0 0.6175 0.0 0.0 0.4655 0.6825 0.46795 0.46795 0.0 
1.03145 0.5145 0.5145 0.6825 0.6175 0.0 0.62075 0.0 0.6825 0.4655 0.0 0.62075 0.0 0.0 0.4655 0.6825 0.46795 0.46795 0.0 
1.029 0.5145 0.5145 0.6825 0.6175 0.0 0.62075 0.0 0.6825 0.4655 0.0 0.62075 0.0 0.0 0.46795 0.6825 0.46795 0.4655 0.0 
1.029 0.5145 0.51695 0.6825 0.62075 0.0 0.6175 0.0 0.6825 0.46795 0.0 0.62075 0.0 0.0 0.46795 0.6825 0.4655 0.4655 0.0 
1.03145 0.5145 0.51695 0.6825 0.62075 0.0 0.6175 0.0 0.6825 0.46795 0.0 0.62075 0.0 0.0 0.46795 0.6825 0.4655 0.46795 0.0 
1.03145 0.5145 0.5145 0.6825 0.62075 0.0 0.6175 0.0 0.6825 0.46795 0.0 0.6175 0.0 0.0 0.46795 0.6825 0.4655 0.46795 0.0 
1.03145 0.5145 0.5145 0.68575 0.62075 0.0 0.6175 0.0 0.68575 0.46795 0.0 0.62075 0.0 0.0 0.46795 0.68575 0.46795 0.4655 0.0 
1.03145 0.5145 0.5145 0.68575 0.62075 0.0 0.6175 0.0 0.68575 0.46795 0.0 0.6175 0.0 0.0 0.46795 0.68575 0.4655 0.4655 0.0 
1.029 0.5145 0.5145 0.68575 0.6175 0.0 0.6175 0.0 0.6825 0.4655 0.0 0.6175 0.0 0.0 0.4655 0.68575 0.4655 0.46795 0.0 
1.0339 0.5145 0.5145 0.68575 0.6175 0.0 0.6175 0.0 0.68575 0.4655 0.0 0.6175 0.0 0.0 0.4655 0.68575 0.46795 0.46795 0.0 
1.03145 0.5145 0.5145 0.68575 0.6175 0.0 0.62075 0.0 0.68575 0.4655 0.0 0.62075 0.0 0.0 0.46795 0.68575 0.46795 0.46795 0.0 
1.029 0.51695 0.51695 0.6825 0.6175 0.0 0.6175 0.0 0.68575 0.4655 0.0 0.6175 0.0 0.0 0.4655 0.68575 0.46795 0.46795 0.0 
1.029 0.51695 0.5145 0.6825 0.6175 0.0 0.6175 0.0 0.68575 0.4655 0.0 0.6175 0.0 0.0 0.4655 0.68575 0.46795 0.46795 0.0 
1.029 0.51695 0.51695 0.6825 0.6175 0.0 0.62075 0.0 0.68575 0.4655 0.0 0.62075 0.0 0.0 0.4655 0.68575 0.46795 0.46795 0.0 
1.029 0.5145 0.51695 0.6825 0.6175 0.0 0.62075 0.0 0.6825 0.4655 0.0 0.6175 0.0 0.0 0.4655 0.6825 0.46795 0.4655 0.0 
1.029 0.51695 0.51695 0.6825 0.62075 0.0 0.62075 0.0 0.6825 0.4655 0.0 0.62075 0.0 0.0 0.46795 0.6825 0.46795 0.4655 0.0 
1.029 0.5145 0.51695 0.6825 0.62075 0.0 0.62075 0.0 0.6825 0.4655 0.0 0.62075 0.0 0.0 0.46795 0.6825 0.46795 0.4655 0.0 
1.029 0.5145 0.5145 0.6825 0.62075 0.0 0.62075 0.0 0.6825 0.46795 0.0 0.62075 0.0 0.0 0.46795 0.6825 0.46795 0.4655 0.0 
1.029 0.5145 0.51695 0.6825 0.62075 0.0 0.6175 0.0 0.6825 0.46795 0.0 0.62075 0.0 0.0 0.46795 0.6825 0.46795 0.4655 0.0 
