43.5258 25.6596 7.41 23.478 23.985 3.705 15.912 0.0 19.461 17.904 0.0 7.566 12.09 0.0 9.8664 7.254 2.8224 8.19 0.0 
3.89995 1.85575 0.62075 1.95975 1.638 0.30225 1.33575 0.0 1.6445 1.48135 0.0 0.6565 0.98475 0.0 0.83285 0.62725 0.2352 0.6825 0.0 
3.9227 1.8655 0.62075 2.2815 1.29025 0.3185 0.9815 0.0 1.34225 1.4439 0.0 0.31525 0.98475 0.0 0.8752 0.6175 0.22785 0.6825 0.0 
3.37975 2.38 0.62075 1.612 1.29025 0.3055 0.312 0.0 1.97275 1.48955 0.0 0.0 0.6175 0.0 0.81485 1.01075 0.24745 0.6825 0.0 
2.8872 2.3735 1.13525 1.60875 0.61425 0.312 0.3055 0.0 1.6055 1.1711 0.0 0.0 0.6175 0.0 0.4508 1.014 0.24745 0.0 0.0 
2.2502 1.743 1.13525 1.625 1.248 0.29575 0.32175 0.0 1.01725 1.617 0.0 0.0 0.6175 0.0 0.2499 0.68575 0.0 0.0 0.0 
1.64325 1.14095 1.13525 0.99125 1.23175 0.30875 0.92625 0.0 0.68575 1.39895 0.0 0.6175 0.6175 0.0 0.46795 0.68575 0.0 0.0 0.0 
1.328 0.8387 1.13525 0.6825 0.9165 0.0 0.6175 0.0 0.68575 0.9359 0.0 0.6175 0.0 0.0 0.4655 0.68575 0.4655 0.0 0.0 
1.029 0.51695 0.5145 0.6825 0.6175 0.0 0.6175 0.0 0.68575 0.46795 0.0 0.6175 0.0 0.0 0.4655 0.68575 0.4655 0.46795 0.0 
1.029 0.51695 0.5145 0.6825 0.6175 0.0 0.6175 0.0 0.68575 0.4655 0.0 0.6175 0.0 0.0 0.4655 0.68575 0.46795 0.46795 0.0 
1.029 0.51695 0.5145 0.6825 0.6175 0.0 0.62075 0.0 0.68575 0.4655 0.0 0.62075 0.0 0.0 0.4655 0.68575 0.46795 0.46795 0.0 
1.029 0.51695 0.51695 0.6825 0.6175 0.0 0.62075 0.0 0.68575 0.4655 0.0 0.62075 0.0 0.0 0.46795 0.68575 0.46795 0.46795 0.0 
1.029 0.51695 0.5145 0.6825 0.6175 0.0 0.62075 0.0 0.68575 0.4655 0.0 0.62075 0.0 0.0 0.46795 0.68575 0.46795 0.46795 0.0 
1.029 0.5145 0.51695 0.6825 0.6175 0.0 0.62075 0.0 0.6825 0.4655 0.0 0.62075 0.0 0.0 0.46795 0.6825 0.46795 0.46795 0.0 
1.03145 0.5145 0.5145 0.6825 0.6175 0.0 0.6175 0.0 0.6825 0.4655 0.0 0.6175 0.0 0.0 0.4655 0.6825 0.46795 0.46795 0.0 
1.03145 0.5145 0.51695 0.6825 0.6175 0.0 0.62075 0.0 0.6825 0.4655 0.0 0.62075 0.0 0.0 0.46795 0.6825 0.46795 0.46795 0.0 
1.03145 0.5145 0.5145 0.6825 0.6175 0.0 0.62075 0.0 0.6825 0.4655 0.0 0.62075 0.0 0.0 0.46795 0.6825 0.46795 0.4655 0.0 
1.03145 0.5145 0.51695 0.6825 0.62075 0.0 0.62075 0.0 0.6825 0.46795 0.0 0.62075 0.0 0.0 0.46795 0.68575 0.46795 0.4655 0.0 
1.0339 0.5145 0.5145 0.68575 0.62075 0.0 0.62075 0.0 0.68575 0.46795 0.0 0.62075 0.0 0.0 0.46795 0.68575 0.46795 0.4655 0.0 
1.03145 0.5145 0.5145 0.68575 0.62075 0.0 0.62075 0.0 0.68575 0.4655 0.0 0.62075 0.0 0.0 0.46795 0.68575 0.46795 0.4655 0.0 
1.03145 0.5145 0.5145 0.68575 0.62075 0.0 0.62075 0.0 0.68575 0.46795 0.0 0.62075 0.0 0.0 0.46795 0.68575 0.46795 0.4655 0.0 
1.03145 0.5145 0.5145 0.68575 0.6175 0.0 0.6175 0.0 0.68575 0.46795 0.0 0.6175 0.0 0.0 0.4655 0.68575 0.4655 0.4655 0.0 
1.029 0.51695 0.5145 0.6825 0.62075 0.0 0.6175 0.0 0.68575 0.46795 0.0 0.6175 0.0 0.0 0.46795 0.68575 0.4655 0.46795 0.0 
1.029 0.51695 0.5145 0.6825 0.6175 0.0 0.6175 0.0 0.68575 0.46795 0.0 0.6175 0.0 0.0 0.46795 0.68575 0.4655 0.46795 0.0 
1.029 0.51695 0.51695 0.6825 0.6175 0.0 0.6175 0.0 0.6825 0.46795 0.0 0.6175 0.0 0.0 0.4655 0.6825 0.4655 0.4655 0.0 
1.029 0.51695 0.51695 0.6825 0.6175 0.0 0.6175 0.0 0.68575 0.4655 0.0 0.6175 0.0 0.0 0.4655 0.68575 0.46795 0.46795 0.0 
1.029 0.51695 0.51695 0.6825 0.6175 0.0 0.6175 0.0 0.6825 0.4655 0.0 0.6175 0.0 0.0 0.4655 0.6825 0.46795 0.46795 0.0 
1.029 0.5145 0.5145 0.6825 0.6175 0.0 0.6175 0.0 0.6825 0.4655 0.0 0.6175 0.0 0.0 0.4655 0.6825 0.4655 0.46795 0.0 
1.029 0.5145 0.51695 0.6825 0.6175 0.0 0.6175 0.0 0.6825 0.4655 0.0 0.6175 0.0 0.0 0.4655 0.6825 0.46795 0.46795 0.0 
1.03145 0.5145 0.51695 0.6825 0.6175 0.0 0.62075 0.0 0.6825 0.4655 0.0 0.62075 0.0 0.0 0.46795 0.6825 0.46795 0.4655 0.0 
1.029 0.5145 0.5145 0.6825 0.6175 0.0 0.62075 0.0 0.6825 0.4655 0.0 0.62075 0.0 0.0 0.46795 0.6825 0.46795 0.4655 0.0 
1.029 0.51695 0.5145 0.6825 0.62075 0.0 0.6175 0.0 0.68575 0.46795 0.0 0.6175 0.0 0.0 0.46795 0.68575 0.4655 0.4655 0.0 
1.029 0.51695 0.5145 0.6825 0.6175 0.0 0.6175 0.0 0.68575 0.46795 0.0 0.6175 0.0 0.0 0.4655 0.68575 0.4655 0.46795 0.0 
1.03145 0.5145 0.5145 0.68575 0.6175 0.0 0.6175 0.0 0.68575 0.4655 0.0 0.6175 0.0 0.0 0.4655 0.68575 0.46795 0.4655 0.0 
1.03145 0.51695 0.5145 0.68575 0.62075 0.0 0.62075 0.0 0.68575 0.4655 0.0 0.62075 0.0 0.0 0.46795 0.68575 0.46795 0.4655 0.0 
1.029 0.51695 0.5145 0.6825 0.62075 0.0 0.6175 0.0 0.68575 0.4655 0.0 0.62075 0.0 0.0 0.46795 0.68575 0.4655 0.4655 0.0 
1.03145 0.51695 0.5145 0.68575 0.6175 0.0 0.6175 0.0 0.68575 0.4655 0.0 0.6175 0.0 0.0 0.4655 0.68575 0.4655 0.46795 0.0 
1.03145 0.51695 0.5145 0.68575 0.6175 0.0 0.6175 0.0 0.68575 0.4655 0.0 0.6175 0.0 0.0 0.4655 0.68575 0.46795 0.46795 0.0 
1.029 0.51695 0.51695 0.6825 0.6175 0.0 0.6175 0.0 0.68575 0.4655 0.0 0.6175 0.0 0.0 0.4655 0.68575 0.46795 0.46795 0.0 
1.029 0.51695 0.5145 0.6825 0.6175 0.0 0.6175 0.0 0.68575 0.4655 0.0 0.6175 0.0 0.0 0.4655 0.68575 0.46795 0.46795 0.0 
1.0241 0.5145 0.5145 0.67925 0.61425 0.0 0.6175 0.0 0.6825 0.4655 0.0 0.6175 0.0 0.0 0.46795 0.6825 0.4655 0.4655 0.0 
1.0241 0.51205 0.5145 0.67925 0.6175 0.0 0.6175 0.0 0.67925 0.4655 0.0 0.6175 0.0 0.0 0.4655 0.67925 0.4655 0.46795 0.0 
1.029 0.51695 0.51695 0.6825 0.6175 0.0 0.62075 0.0 0.68575 0.4655 0.0 0.62075 0.0 0.0 0.46795 0.68575 0.46795 0.4655 0.0 
1.029 0.5145 0.51695 0.6825 0.62075 0.0 0.62075 0.0 0.6825 0.4655 0.0 0.62075 0.0 0.0 0.46795 0.6825 0.46795 0.4655 0.0 
1.029 0.5145 0.51695 0.6825 0.62075 0.0 0.6175 0.0 0.6825 0.46795 0.0 0.62075 0.0 0.0 0.46795 0.6825 0.4655 0.4655 0.0 
1.029 0.5145 0.51695 0.6825 0.62075 0.0 0.6175 0.0 0.6825 0.46795 0.0 0.62075 0.0 0.0 0.46795 0.6825 0.4655 0.4655 0.0 
1.03145 0.5145 0.51695 0.6825 0.62075 0.0 0.6175 0.0 0.6825 0.46795 0.0 0.62075 0.0 0.0 0.46795 0.6825 0.4655 0.4655 0.0 
1.03145 0.5145 0.5145 0.6825 0.62075 0.0 0.6175 0.0 0.6825 0.46795 0.0 0.6175 0.0 0.0 0.46795 0.6825 0.4655 0.4655 0.0 
1.03145 0.5145 0.51695 0.6825 0.6175 0.0 0.6175 0.0 0.6825 0.46795 0.0 0.6175 0.0 0.0 0.4655 0.6825 0.4655 0.46795 0.0 
1.03145 0.5145 0.51695 0.6825 0.6175 0.0 0.6175 0.0 0.6825 0.4655 0.0 0.6175 0.0 0.0 0.4655 0.6825 0.46795 0.46795 0.0 
1.029 0.5145 0.5145 0.6825 0.6175 0.0 0.6175 0.0 0.6825 0.4655 0.0 0.6175 0.0 0.0 0.4655 0.6825 0.46795 0.46795 0.0 
1.03145 0.5145 0.5145 0.6825 0.6175 0.0 0.6175 0.0 0.6825 0.4655 0.0 0.6175 0.0 0.0 0.4655 0.6825 0.46795 0.46795 0.0 
1.029 0.5145 0.51695 0.6825 0.6175 0.0 0.6175 0.0 0.6825 0.4655 0.0 0.6175 0.0 0.0 0.4655 0.6825 0.46795 0.46795 0.0 
1.029 0.5145 0.5145 0.6825 0.6175 0.0 0.6175 0.0 0.6825 0.4655 0.0 0.6175 0.0 0.0 0.4655 0.6825 0.46795 0.46795 0.0 
1.0339 0.5145 0.5145 0.68575 0.6175 0.0 0.6175 0.0 0.68575 0.4655 0.0 0.6175 0.0 0.0 0.4655 0.68575 0.46795 0.46795 0.0 
1.0339 0.5145 0.5145 0.68575 0.6175 0.0 0.6175 0.0 0.6825 0.4655 0.0 0.6175 0.0 0.0 0.4655 0.68575 0.46795 0.46795 0.0 
1.03145 0.5145 0.5145 0.68575 0.6175 0.0 0.62075 0.0 0.68575 0.4655 0.0 0.62075 0.0 0.0 0.46795 0.68575 0.46795 0.4655 0.0 
1.03145 0.5145 0.5145 0.68575 0.6175 0.0 0.62075 0.0 0.68575 0.4655 0.0 0.62075 0.0 0.0 0.46795 0.68575 0.46795 0.4655 0.0 
1.03145 0.51695 0.5145 0.68575 0.62075 0.0 0.62075 0.0 0.68575 0.46795 0.0 0.62075 0.0 0.0 0.46795 0.68575 0.46795 0.4655 0.0 
1.029 0.51695 0.5145 0.6825 0.62075 0.0 0.62075 0.0 0.68575 0.4655 0.0 0.62075 0.0 0.0 0.46795 0.68575 0.46795 0.46795 0.0 
1.03145 0.5145 0.5145 0.6825 0.6175 0.0 0.62075 0.0 0.6825 0.4655 0.0 0.62075 0.0 0.0 0.46795 0.68575 0.46795 0.46795 0.0 
1.03145 0.5145 0.5145 0.68575 0.6175 0.0 0.6175 0.0 0.6825 0.4655 0.0 0.6175 0.0 0.0 0.4655 0.68575 0.46795 0.46795 0.0 
1.03145 0.51695 0.5145 0.68575 0.6175 0.0 0.6175 0.0 0.68575 0.4655 0.0 0.6175 0.0 0.0 0.4655 0.68575 0.46795 0.46795 0.0 
1.03145 0.51695 0.5145 0.68575 0.6175 0.0 0.62075 0.0 0.68575 0.4655 0.0 0.6175 0.0 0.0 0.4655 0.68575 0.46795 0.46795 0.0 
1.03145 0.51695 0.5145 0.68575 0.6175 0.0 0.62075 0.0 0.68575 0.4655 0.0 0.62075 0.0 0.0 0.46795 0.68575 0.46795 0.46795 0.0 
1.03145 0.5145 0.5145 0.68575 0.6175 0.0 0.62075 0.0 0.68575 0.4655 0.0 0.62075 0.0 0.0 0.46795 0.68575 0.46795 0.4655 0.0 
1.03145 0.5145 0.5145 0.68575 0.62075 0.0 0.62075 0.0 0.68575 0.4655 0.0 0.62075 0.0 0.0 0.46795 0.68575 0.46795 0.46795 0.0 
1.03145 0.5145 0.51695 0.6825 0.6175 0.0 0.6175 0.0 0.6825 0.4655 0.0 0.6175 0.0 0.0 0.4655 0.6825 0.46795 0.46795 0.0 
1.029 0.5145 0.5145 0.6825 0.6175 0.0 0.6175 0.0 0.6825 0.4655 0.0 0.6175 0.0 0.0 0.4655 0.6825 0.46795 0.46795 0.0 
1.029 0.5145 0.51695 0.6825 0.6175 0.0 0.62075 0.0 0.6825 0.4655 0.0 0.62075 0.0 0.0 0.46795 0.6825 0.46795 0.46795 0.0 
1.029 0.5145 0.5145 0.6825 0.6175 0.0 0.62075 0.0 0.6825 0.4655 0.0 0.62075 0.0 0.0 0.46795 0.6825 0.46795 0.46795 0.0 
1.029 0.5145 0.5145 0.6825 0.6175 0.0 0.6175 0.0 0.6825 0.4655 0.0 0.62075 0.0 0.0 0.46795 0.6825 0.4655 0.4655 0.0 
1.029 0.5145 0.5145 0.68575 0.6175 0.0 0.6175 0.0 0.68575 0.46795 0.0 0.6175 0.0 0.0 0.4655 0.68575 0.4655 0.46795 0.0 
1.03145 0.5145 0.5145 0.68575 0.6175 0.0 0.6175 0.0 0.68575 0.4655 0.0 0.6175 0.0 0.0 0.4655 0.68575 0.4655 0.46795 0.0 
1.029 0.5145 0.5145 0.6825 0.6175 0.0 0.62075 0.0 0.6825 0.4655 0.0 0.62075 0.0 0.0 0.46795 0.68575 0.46795 0.46795 0.0 
1.03145 0.5145 0.5145 0.68575 0.6175 0.0 0.6175 0.0 0.68575 0.4655 0.0 0.6175 0.0 0.0 0.4655 0.68575 0.46795 0.46795 0.0 
1.03145 0.5145 0.5145 0.68575 0.6175 0.0 0.62075 0.0 0.68575 0.4655 0.0 0.6175 0.0 0.0 0.4655 0.68575 0.46795 0.46795 0.0 
1.029 0.51695 0.5145 0.6825 0.6175 0.0 0.6175 0.0 0.68575 0.4655 0.0 0.6175 0.0 0.0 0.4655 0.68575 0.46795 0.46795 0.0 
1.029 0.51695 0.51695 0.6825 0.6175 0.0 0.6175 0.0 0.68575 0.4655 0.0 0.6175 0.0 0.0 0.4655 0.68575 0.46795 0.46795 0.0 
1.029 0.5145 0.51695 0.6825 0.6175 0.0 0.62075 0.0 0.6825 0.4655 0.0 0.62075 0.0 0.0 0.4655 0.6825 0.46795 0.46795 0.0 
